  1.646      0
  1.675      0
  1.704      0
  1.733      0
  1.762      0
  1.791      0
  1.820      0
  1.849      0
  1.878      0
  1.907      0
  1.936      0
  1.965      0
  1.994      0
  2.023      0
  2.052      0
  2.081      0
  2.110      0
  2.139      0
  2.168      0
  2.197      0
  2.226      0
  2.255      0
  2.285      0
  2.314      0
  2.343      0
  2.372      0
  2.401      0
  2.430      0
  2.459      0
  2.488      0
  2.517      0
  2.546      0
  2.575      2
  2.604      8
  2.633      4
  2.662      4
  2.691      4
  2.720      2
  2.749      2
  2.778      3
  2.807      1
  2.836      2
  2.865      0
  2.894      2
  2.923      1
  2.952      3
  2.981      6
  3.010      4
  3.040      6
  3.069      1
  3.098      3
  3.127      1
  3.156      0
  3.185      6
  3.214      3
  3.243      5
  3.272      5
  3.301      2
  3.330      4
  3.359      3
  3.388      3
  3.417      3
  3.446      2
  3.475      4
  3.504      0
  3.533      4
  3.562      1
  3.591      7
  3.620      5
  3.649      3
  3.678      1
  3.707      3
  3.736      6
  3.766      7
  3.795      4
  3.824      5
  3.853      5
  3.882      7
  3.911      2
  3.940      4
  3.969      4
  3.998      3
  4.027      3
  4.056      4
  4.085      5
  4.114      4
  4.143      2
  4.172      5
  4.201      2
  4.230      3
  4.259     11
  4.288      2
  4.317      6
  4.346      9
  4.375      5
  4.404      5
  4.433      5
  4.462      6
  4.491      6
  4.521      8
  4.550      5
  4.579      8
  4.608      8
  4.637      9
  4.666     13
  4.695     10
  4.724     15
  4.753     10
  4.782     14
  4.811     16
  4.840     25
  4.869     66
  4.898    121
  4.927    188
  4.956    264
  4.985    373
  5.014    472
  5.043    495
  5.072    569
  5.101    592
  5.130    600
  5.159    573
  5.188    588
  5.217    590
  5.246    589
  5.276    590
  5.305    631
  5.334    616
  5.363    591
  5.392    586
  5.421    578
  5.450    605
  5.479    585
  5.508    610
  5.537    580
  5.566    569
  5.595    584
  5.624    616
  5.653    616
  5.682    578
  5.711    619
  5.740    599
  5.769    567
  5.798    620
  5.827    619
  5.856    591
  5.885    592
  5.914    612
  5.943    568
  5.972    575
  6.002    606
  6.031    637
  6.060    627
  6.089    627
  6.118    589
  6.147    606
  6.176    622
  6.205    614
  6.234    591
  6.263    646
  6.292    638
  6.321    598
  6.350    592
  6.379    596
  6.408    622
  6.437    588
  6.466    612
  6.495    634
  6.524    618
  6.553    602
  6.582    571
  6.611    557
  6.640    626
  6.669    600
  6.698    618
  6.727    622
  6.757    590
  6.786    642
  6.815    611
  6.844    635
  6.873    595
  6.902    609
  6.931    606
  6.960    595
  6.989    593
  7.018    622
  7.047    633
  7.076    621
  7.105    612
  7.134    589
  7.163    626
  7.192    606
  7.221    622
  7.250    582
  7.279    571
  7.308    614
  7.337    589
  7.366    605
  7.395    619
  7.424    609
  7.453    625
  7.482    606
  7.512    595
  7.541    611
  7.570    626
  7.599    635
  7.628    600
  7.657    640
  7.686    631
  7.715    596
  7.744    627
  7.773    643
  7.802    558
  7.831    641
  7.860    634
  7.889    573
  7.918    627
  7.947    601
  7.976    616
  8.005    613
  8.034    629
  8.063    603
  8.092    614
  8.121    671
  8.150    595
  8.179    623
  8.208    604
  8.238    588
  8.267    667
  8.296    569
  8.325    588
  8.354    573
  8.383    646
  8.412    631
  8.441    692
  8.470    642
  8.499    638
  8.528    665
  8.557    646
  8.586    687
  8.615    607
  8.644    601
  8.673    627
  8.702    616
  8.731    619
  8.760    640
  8.789    649
  8.818    632
  8.847    630
  8.876    579
  8.905    603
  8.934    628
  8.963    667
  8.993    598
  9.022    593
  9.051    613
  9.080    605
  9.109    595
  9.138    616
  9.167    652
  9.196    658
  9.225    586
  9.254    556
  9.283    580
  9.312    632
  9.341    598
  9.370    614
  9.399    637
  9.428    604
  9.457    591
  9.486    602
  9.515    628
  9.544    618
  9.573    658
  9.602    625
  9.631    618
  9.660    604
  9.689    644
  9.718    616
  9.748    617
  9.777    656
  9.806    647
  9.835    615
  9.864    581
  9.893    652
  9.922    648
  9.951    604
  9.980    646
 10.009    580
 10.038    563
 10.067    599
 10.096    608
 10.125    569
 10.154    649
 10.183    638
 10.212    637
 10.241    627
 10.270    596
 10.299    620
 10.328    599
 10.357    615
 10.386    611
 10.415    621
 10.444    612
 10.473    578
 10.503    611
 10.532    611
 10.561    628
 10.590    600
 10.619    588
 10.648    642
 10.677    614
 10.706    573
 10.735    597
 10.764    610
 10.793    634
 10.822    608
 10.851    636
 10.880    621
 10.909    613
 10.938    591
 10.967    613
 10.996    600
 11.025    620
 11.054    580
 11.083    577
 11.112    614
 11.141    572
 11.170    628
 11.199    612
 11.229    603
 11.258    604
 11.287    614
 11.316    586
 11.345    657
 11.374    608
 11.403    577
 11.432    577
 11.461    549
 11.490    622
 11.519    592
 11.548    567
 11.577    572
 11.606    626
 11.635    608
 11.664    584
 11.693    589
 11.722    642
 11.751    560
 11.780    627
 11.809    570
 11.838    550
 11.867    591
 11.896    586
 11.925    576
 11.954    614
 11.984    600
 12.013    643
 12.042    620
 12.071    612
 12.100    596
 12.129    572
 12.158    576
 12.187    601
 12.216    612
 12.245    576
 12.274    620
 12.303    579
 12.332    588
 12.361    606
 12.390    580
 12.419    582
 12.448    588
 12.477    634
 12.506    573
 12.535    614
 12.564    587
 12.593    577
 12.622    577
 12.651    629
 12.680    571
 12.709    548
 12.739    583
 12.768    582
 12.797    582
 12.826    579
 12.855    575
 12.884    543
 12.913    643
 12.942    597
 12.971    561
 13.000    549
 13.029    554
 13.058    613
 13.087    547
 13.116    608
 13.145    583
 13.174    627
 13.203    540
 13.232    575
 13.261    578
 13.290    553
 13.319    578
 13.348    553
 13.377    565
 13.406    509
 13.435    588
 13.465    580
 13.494    604
 13.523    592
 13.552    574
 13.581    618
 13.610    571
 13.639    587
 13.668    602
 13.697    560
 13.726    571
 13.755    568
 13.784    587
 13.813    616
 13.842    595
 13.871    585
 13.900    575
 13.929    551
 13.958    564
 13.987    613
 14.016    631
 14.045    563
 14.074    527
 14.103    546
 14.132    541
 14.161    558
 14.190    601
 14.220    584
 14.249    550
 14.278    555
 14.307    600
 14.336    608
 14.365    549
 14.394    534
 14.423    536
 14.452    534
 14.481    574
 14.510    582
 14.539    553
 14.568    558
 14.597    565
 14.626    585
 14.655    571
 14.684    563
 14.713    555
 14.742    561
 14.771    562
 14.800    500
 14.829    583
 14.858    598
 14.887    572
 14.916    549
 14.945    546
 14.975    520
 15.004    549
 15.033    577
 15.062    557
 15.091    570
 15.120    599
 15.149    567
 15.178    531
 15.207    536
 15.236    542
 15.265    585
 15.294    573
 15.323    597
 15.352    511
 15.381    556
 15.410    596
 15.439    569
 15.468    606
 15.497    553
 15.526    606
 15.555    570
 15.584    550
 15.613    524
 15.642    543
 15.671    530
 15.700    570
 15.730    536
 15.759    550
 15.788    542
 15.817    543
 15.846    571
 15.875    571
 15.904    530
 15.933    582
 15.962    547
 15.991    569
 16.020    527
 16.049    555
 16.078    532
 16.107    556
 16.136    560
 16.165    514
 16.194    531
 16.223    551
 16.252    534
 16.281    542
 16.310    526
 16.339    538
 16.368    535
 16.397    513
 16.426    516
 16.456    535
 16.485    560
 16.514    535
 16.543    497
 16.572    525
 16.601    500
 16.630    537
 16.659    566
 16.688    537
 16.717    508
 16.746    562
 16.775    517
 16.804    550
 16.833    505
 16.862    516
 16.891    525
 16.920    533
 16.949    515
 16.978    534
 17.007    537
 17.036    551
 17.065    524
 17.094    558
 17.123    562
 17.152    514
 17.181    483
 17.211    547
 17.240    478
 17.269    502
 17.298    538
 17.327    471
 17.356    537
 17.385    520
 17.414    520
 17.443    536
 17.472    506
 17.501    487
 17.530    480
 17.559    486
 17.588    461
 17.617    530
 17.646    536
 17.675    505
 17.704    551
 17.733    536
 17.762    525
 17.791    547
 17.820    493
 17.849    495
 17.878    509
 17.907    521
 17.936    520
 17.966    496
 17.995    525
 18.024    486
 18.053    467
 18.082    485
 18.111    517
 18.140    516
 18.169    519
 18.198    462
 18.227    476
 18.256    533
 18.285    550
 18.314    471
 18.343    480
 18.372    500
 18.401    488
 18.430    475
 18.459    477
 18.488    453
 18.517    461
 18.546    464
 18.575    502
 18.604    484
 18.633    501
 18.662    502
 18.692    454
 18.721    488
 18.750    521
 18.779    479
 18.808    494
 18.837    490
 18.866    460
 18.895    497
 18.924    558
 18.953    469
 18.982    465
 19.011    492
 19.040    473
 19.069    488
 19.098    470
 19.127    507
 19.156    466
 19.185    491
 19.214    497
 19.243    446
 19.272    481
 19.301    493
 19.330    504
 19.359    477
 19.388    458
 19.417    502
 19.447    462
 19.476    474
 19.505    474
 19.534    451
 19.563    466
 19.592    490
 19.621    442
 19.650    489
 19.679    448
 19.708    454
 19.737    475
 19.766    459
 19.795    469
 19.824    442
 19.853    490
 19.882    454
 19.911    448
 19.940    471
 19.969    467
 19.998    452
 20.027    466
 20.056    485
 20.085    491
 20.114    478
 20.143    473
 20.172    459
 20.202    456
 20.231    482
 20.260    428
 20.289    487
 20.318    455
 20.347    480
 20.376    447
 20.405    428
 20.434    422
 20.463    436
 20.492    483
 20.521    488
 20.550    466
 20.579    453
 20.608    455
 20.637    483
 20.666    442
 20.695    431
 20.724    482
 20.753    441
 20.782    423
 20.811    450
 20.840    456
 20.869    427
 20.898    483
 20.927    432
 20.957    451
 20.986    429
 21.015    431
 21.044    434
 21.073    460
 21.102    458
 21.131    433
 21.160    441
 21.189    428
 21.218    420
 21.247    452
 21.276    420
 21.305    455
 21.334    491
 21.363    423
 21.392    422
 21.421    422
 21.450    431
 21.479    424
 21.508    455
 21.537    419
 21.566    455
 21.595    429
 21.624    439
 21.653    404
 21.683    442
 21.712    422
 21.741    454
 21.770    409
 21.799    433
 21.828    432
 21.857    425
 21.886    397
 21.915    393
 21.944    414
 21.973    409
 22.002    416
 22.031    448
 22.060    425
 22.089    422
 22.118    394
 22.147    408
 22.176    402
 22.205    383
 22.234    352
 22.263    395
 22.292    387
 22.321    424
 22.350    426
 22.379    408
 22.408    437
 22.438    440
 22.467    411
 22.496    423
 22.525    373
 22.554    389
 22.583    373
 22.612    400
 22.641    412
 22.670    377
 22.699    418
 22.728    407
 22.757    405
 22.786    437
 22.815    406
 22.844    404
 22.873    391
 22.902    416
 22.931    368
 22.960    387
 22.989    419
 23.018    387
 23.047    427
 23.076    402
 23.105    368
 23.134    426
 23.163    396
 23.193    407
 23.222    376
 23.251    404
 23.280    393
 23.309    357
 23.338    402
 23.367    415
 23.396    387
 23.425    399
 23.454    391
 23.483    424
 23.512    397
 23.541    404
 23.570    415
 23.599    381
 23.628    392
 23.657    381
 23.686    396
 23.715    369
 23.744    399
 23.773    386
 23.802    371
 23.831    365
 23.860    441
 23.889    387
 23.919    420
 23.948    381
 23.977    394
 24.006    352
 24.035    353
 24.064    368
 24.093    384
 24.122    357
 24.151    387
 24.180    376
 24.209    374
 24.238    359
 24.267    372
 24.296    399
 24.325    429
 24.354    398
 24.383    365
 24.412    369
 24.441    356
 24.470    359
 24.499    405
 24.528    368
 24.557    351
 24.586    365
 24.615    386
 24.644    351
 24.674    320
 24.703    374
 24.732    359
 24.761    391
 24.790    394
 24.819    365
 24.848    386
 24.877    337
 24.906    392
 24.935    309
 24.964    350
 24.993    380
 25.022    350
 25.051    366
 25.080    358
 25.109    338
 25.138    328
 25.167    343
 25.196    376
 25.225    402
 25.254    310
 25.283    356
 25.312    381
 25.341    349
 25.370    349
 25.399    358
 25.429    359
 25.458    366
 25.487    342
 25.516    360
 25.545    351
 25.574    342
 25.603    363
 25.632    367
 25.661    351
 25.690    378
 25.719    358
 25.748    340
 25.777    343
 25.806    343
 25.835    294
 25.864    364
 25.893    330
 25.922    387
 25.951    337
 25.980    355
 26.009    335
 26.038    324
 26.067    341
 26.096    318
 26.125    315
 26.155    364
 26.184    336
 26.213    374
 26.242    378
 26.271    331
 26.300    318
 26.329    344
 26.358    319
 26.387    333
 26.416    315
 26.445    305
 26.474    340
 26.503    357
 26.532    336
 26.561    350
 26.590    313
 26.619    352
 26.648    332
 26.677    340
 26.706    336
 26.735    377
 26.764    348
 26.793    344
 26.822    363
 26.851    300
 26.880    340
 26.910    335
 26.939    294
 26.968    301
 26.997    327
 27.026    321
 27.055    351
 27.084    296
 27.113    322
 27.142    275
 27.171    346
 27.200    354
 27.229    312
 27.258    336
 27.287    333
 27.316    337
 27.345    386
 27.374    352
 27.403    362
 27.432    388
 27.461    396
 27.490    372
 27.519    356
 27.548    372
 27.577    388
 27.606    337
 27.635    324
 27.665    360
 27.694    328
 27.723    310
 27.752    294
 27.781    292
 27.810    314
 27.839    293
 27.868    314
 27.897    327
 27.926    302
 27.955    307
 27.984    311
 28.013    298
 28.042    300
 28.071    290
 28.100    312
 28.129    323
 28.158    288
 28.187    333
 28.216    310
 28.245    306
 28.274    290
 28.303    285
 28.332    319
 28.361    305
 28.390    297
 28.420    277
 28.449    296
 28.478    289
 28.507    314
 28.536    279
 28.565    324
 28.594    281
 28.623    319
 28.652    325
 28.681    282
 28.710    291
 28.739    305
 28.768    322
 28.797    299
 28.826    285
 28.855    295
 28.884    305
 28.913    276
 28.942    296
 28.971    301
 29.000    292
 29.029    293
 29.058    295
 29.087    290
 29.116    295
 29.146    281
 29.175    262
 29.204    273
 29.233    278
 29.262    280
 29.291    263
 29.320    277
 29.349    252
 29.378    285
 29.407    264
 29.436    294
 29.465    296
 29.494    263
 29.523    267
 29.552    278
 29.581    284
 29.610    270
 29.639    297
 29.668    276
 29.697    275
 29.726    258
 29.755    285
 29.784    260
 29.813    287
 29.842    267
 29.871    266
 29.901    285
 29.930    266
 29.959    287
 29.988    286
 30.017    298
 30.046    304
 30.075    253
 30.104    253
 30.133    262
 30.162    293
 30.191    275
 30.220    257
 30.249    275
 30.278    253
 30.307    264
 30.336    271
 30.365    261
 30.394    229
 30.423    277
 30.452    278
 30.481    271
 30.510    277
 30.539    289
 30.568    285
 30.597    275
 30.626    266
 30.656    276
 30.685    257
 30.714    296
 30.743    241
 30.772    235
 30.801    264
 30.830    252
 30.859    280
 30.888    257
 30.917    265
 30.946    300
 30.975    258
 31.004    256
 31.033    270
 31.062    256
 31.091    275
 31.120    244
 31.149    265
 31.178    294
 31.207    275
 31.236    254
 31.265    251
 31.294    263
 31.323    290
 31.352    237
 31.382    268
 31.411    258
 31.440    273
 31.469    273
 31.498    318
 31.527    342
 31.556    354
 31.585    378
 31.614    442
 31.643    573
 31.672    698
 31.701    792
 31.730    824
 31.759    844
 31.788    919
 31.817    923
 31.846   1021
 31.875    980
 31.904    805
 31.933    677
 31.962    614
 31.991    583
 32.020    489
 32.049    427
 32.078    366
 32.107    314
 32.137    281
 32.166    263
 32.195    256
 32.224    259
 32.253    255
 32.282    265
 32.311    236
 32.340    222
 32.369    250
 32.398    250
 32.427    229
 32.456    212
 32.485    223
 32.514    255
 32.543    236
 32.572    246
 32.601    247
 32.630    240
 32.659    229
 32.688    260
 32.717    235
 32.746    226
 32.775    230
 32.804    271
 32.833    253
 32.862    214
 32.892    214
 32.921    257
 32.950    232
 32.979    228
 33.008    256
 33.037    225
 33.066    209
 33.095    243
 33.124    220
 33.153    215
 33.182    219
 33.211    229
 33.240    208
 33.269    214
 33.298    236
 33.327    218
 33.356    207
 33.385    217
 33.414    225
 33.443    231
 33.472    215
 33.501    219
 33.530    245
 33.559    217
 33.588    226
 33.617    229
 33.647    208
 33.676    206
 33.705    240
 33.734    235
 33.763    213
 33.792    236
 33.821    242
 33.850    230
 33.879    223
 33.908    206
 33.937    227
 33.966    204
 33.995    198
 34.024    241
 34.053    261
 34.082    206
 34.111    213
 34.140    210
 34.169    227
 34.198    222
 34.227    227
 34.256    198
 34.285    184
 34.314    205
 34.343    234
 34.373    212
 34.402    202
 34.431    215
 34.460    194
 34.489    197
 34.518    191
 34.547    191
 34.576    213
 34.605    227
 34.634    175
 34.663    192
 34.692    206
 34.721    190
 34.750    213
 34.779    207
 34.808    192
 34.837    192
 34.866    240
 34.895    171
 34.924    224
 34.953    192
 34.982    182
 35.011    194
 35.040    207
 35.069    218
 35.098    195
 35.128    200
 35.157    196
 35.186    198
 35.215    187
 35.244    189
 35.273    197
 35.302    184
 35.331    206
 35.360    177
 35.389    186
 35.418    211
 35.447    211
 35.476    203
 35.505    219
 35.534    176
 35.563    183
 35.592    205
 35.621    209
 35.650    184
 35.679    194
 35.708    205
 35.737    200
 35.766    193
 35.795    213
 35.824    188
 35.853    184
 35.883    176
 35.912    200
 35.941    175
 35.970    191
 35.999    186
 36.028    176
 36.057    204
 36.086    177
 36.115    183
 36.144    195
 36.173    156
 36.202    178
 36.231    176
 36.260    187
 36.289    163
 36.318    194
 36.347    191
 36.376    213
 36.405    199
 36.434    192
 36.463    192
 36.492    191
 36.521    211
 36.550    197
 36.579    179
 36.609    162
 36.638    181
 36.667    193
 36.696    177
 36.725    186
 36.754    168
 36.783    191
 36.812    194
 36.841    166
 36.870    186
 36.899    178
 36.928    183
 36.957    140
 36.986    177
 37.015    177
 37.044    172
 37.073    184
 37.102    173
 37.131    202
 37.160    170
 37.189    156
 37.218    169
 37.247    157
 37.276    159
 37.305    175
 37.334    190
 37.364    195
 37.393    170
 37.422    176
 37.451    179
 37.480    149
 37.509    194
 37.538    166
 37.567    162
 37.596    172
 37.625    189
 37.654    169
 37.683    174
 37.712    166
 37.741    157
 37.770    168
 37.799    159
 37.828    176
 37.857    182
 37.886    192
 37.915    161
 37.944    164
 37.973    158
 38.002    157
 38.031    156
 38.060    172
 38.089    144
 38.119    181
 38.148    184
 38.177    182
 38.206    172
 38.235    179
 38.264    168
 38.293    147
 38.322    172
 38.351    160
 38.380    168
 38.409    164
 38.438    187
 38.467    166
 38.496    171
 38.525    152
 38.554    184
 38.583    170
 38.612    172
 38.641    155
 38.670    162
 38.699    160
 38.728    196
 38.757    184
 38.786    171
 38.815    166
 38.845    165
 38.874    159
 38.903    153
 38.932    171
 38.961    176
 38.990    200
 39.019    170
 39.048    151
 39.077    149
 39.106    160
 39.135    160
 39.164    164
 39.193    155
 39.222    171
 39.251    159
 39.280    163
 39.309    146
 39.338    159
 39.367    150
 39.396    159
 39.425    177
 39.454    174
 39.483    149
 39.512    147
 39.541    151
 39.570    149
 39.600    145
 39.629    169
 39.658    158
 39.687    146
 39.716    145
 39.745    161
 39.774    151
 39.803    159
 39.832    139
 39.861    161
 39.890    139
 39.919    149
 39.948    128
 39.977    167
 40.006    142
 40.035    157
 40.064    155
 40.093    139
 40.122    141
 40.151    142
 40.180    132
 40.209    134
 40.238    145
 40.267    152
 40.296    148
 40.325    148
 40.355    137
 40.384    164
 40.413    173
 40.442    149
 40.471    128
 40.500    131
 40.529    158
 40.558    144
 40.587    138
 40.616    154
 40.645    133
 40.674    142
 40.703    139
 40.732    191
 40.761    139
 40.790    130
 40.819    136
 40.848    144
 40.877    129
 40.906    136
 40.935    130
 40.964    123
 40.993    137
 41.022    147
 41.051    147
 41.080    134
 41.110    144
 41.139    118
 41.168    160
 41.197    156
 41.226    143
 41.255    135
 41.284    151
 41.313    152
 41.342    144
 41.371    132
 41.400    143
 41.429    131
 41.458    125
 41.487    146
 41.516    141
 41.545    114
 41.574    138
 41.603    176
 41.632    138
 41.661    132
 41.690    146
 41.719    153
 41.748    138
 41.777    147
 41.806    138
 41.836    145
 41.865    120
 41.894    123
 41.923    126
 41.952    135
 41.981    145
 42.010    145
 42.039    127
 42.068    141
 42.097    138
 42.126    138
 42.155    141
 42.184    142
 42.213    130
 42.242    127
 42.271    132
 42.300    137
 42.329    144
 42.358    135
 42.387    124
 42.416    121
 42.445    127
 42.474    121
 42.503    141
 42.532    126
 42.561    107
 42.591     98
 42.620    121
 42.649    133
 42.678    143
 42.707    137
 42.736    133
 42.765    125
 42.794    134
 42.823    145
 42.852    139
 42.881    125
 42.910    113
 42.939    146
 42.968    132
 42.997    134
 43.026    111
 43.055    117
 43.084    122
 43.113    151
 43.142    115
 43.171    134
 43.200    117
 43.229    115
 43.258    148
 43.287    140
 43.316    131
 43.346    146
 43.375    131
 43.404    122
 43.433    148
 43.462    111
 43.491    110
 43.520    116
 43.549    130
 43.578    118
 43.607    125
 43.636    137
 43.665    123
 43.694    125
 43.723    135
 43.752    129
 43.781    133
 43.810    125
 43.839    127
 43.868    137
 43.897    129
 43.926    124
 43.955    120
 43.984    134
 44.013    123
 44.042    135
 44.072    145
 44.101    126
 44.130    119
 44.159    147
 44.188    105
 44.217    122
 44.246    144
 44.275    125
 44.304    101
 44.333    108
 44.362    127
 44.391    141
 44.420    119
 44.449    114
 44.478    121
 44.507    122
 44.536    139
 44.565    141
 44.594    148
 44.623    122
 44.652    113
 44.681    108
 44.710    124
 44.739    117
 44.768    113
 44.797    143
 44.827    114
 44.856    111
 44.885    107
 44.914    129
 44.943    134
 44.972    116
 45.001    116
 45.030    132
 45.059    141
 45.088    110
 45.117    126
 45.146    114
 45.175    136
 45.204    128
 45.233    146
 45.262    149
 45.291    145
 45.320    129
 45.349    130
 45.378    162
 45.407    176
 45.436    187
 45.465    242
 45.494    271
 45.523    335
 45.552    417
 45.582    414
 45.611    447
 45.640    489
 45.669    482
 45.698    541
 45.727    583
 45.756    568
 45.785    590
 45.814    549
 45.843    485
 45.872    400
 45.901    379
 45.930    347
 45.959    311
 45.988    265
 46.017    236
 46.046    208
 46.075    184
 46.104    167
 46.133    164
 46.162    133
 46.191    130
 46.220    140
 46.249    128
 46.278    142
 46.307    124
 46.337    121
 46.366    131
 46.395    105
 46.424    114
 46.453    109
 46.482    103
 46.511    132
 46.540    128
 46.569    121
 46.598     85
 46.627    104
 46.656    125
 46.685    123
 46.714    124
 46.743    115
 46.772    108
 46.801    103
 46.830    110
 46.859    135
 46.888    108
 46.917    111
 46.946    129
 46.975    127
 47.004    106
 47.033    100
 47.063     97
 47.092    101
 47.121    114
 47.150    116
 47.179    108
 47.208    107
 47.237     77
 47.266    115
 47.295    117
 47.324    104
 47.353    125
 47.382     97
 47.411    123
 47.440    123
 47.469    116
 47.498    118
 47.527    117
 47.556    113
 47.585    118
 47.614    104
 47.643    113
 47.672    123
 47.701    109
 47.730    112
 47.759    113
 47.788     97
 47.818    102
 47.847     97
 47.876     82
 47.905    110
 47.934    130
 47.963    107
 47.992    101
 48.021    112
 48.050    110
 48.079    102
 48.108    103
 48.137    114
 48.166    114
 48.195     93
 48.224    117
 48.253     96
 48.282    104
 48.311    118
 48.340    101
 48.369    101
 48.398    109
 48.427     93
 48.456     89
 48.485     98
 48.514     97
 48.543     94
 48.573    119
 48.602    106
 48.631     99
 48.660    104
 48.689    104
 48.718    114
 48.747    112
 48.776     91
 48.805    101
 48.834     96
 48.863    104
 48.892    103
 48.921    114
 48.950    103
 48.979    104
 49.008     96
 49.037    101
 49.066     97
 49.095    101
 49.124    109
 49.153     91
 49.182     78
 49.211    101
 49.240     90
 49.269     82
 49.299    105
 49.328    101
 49.357    105
 49.386    108
 49.415     92
 49.444    101
 49.473    100
 49.502    101
 49.531     85
 49.560     90
 49.589    107
 49.618     88
 49.647    108
 49.676     94
 49.705    112
 49.734    104
 49.763     97
 49.792     96
 49.821     87
 49.850    100
 49.879    106
 49.908    119
 49.937     83
 49.966     86
 49.995    118
 50.024     86
 50.054    102
 50.083     87
 50.112    101
 50.141    112
 50.170    102
 50.199     90
 50.228     96
 50.257     93
 50.286    118
 50.315     76
 50.344     99
 50.373     94
 50.402     87
 50.431    101
 50.460     89
 50.489     77
 50.518     91
 50.547    103
 50.576     95
 50.605     83
 50.634     98
 50.663     82
 50.692    104
 50.721    106
 50.750    114
 50.779    101
 50.809     88
 50.838    110
 50.867     98
 50.896    100
 50.925     88
 50.954    103
 50.983     79
 51.012     99
 51.041     99
 51.070     84
 51.099    106
 51.128     91
 51.157     87
 51.186     87
 51.215     90
 51.244     84
 51.273     80
 51.302     88
 51.331     84
 51.360     86
 51.389     84
 51.418    101
 51.447     74
 51.476     86
 51.505     96
 51.535     96
 51.564     88
 51.593     84
 51.622     91
 51.651     81
 51.680     87
 51.709     90
 51.738     79
 51.767     99
 51.796     85
 51.825     89
 51.854     98
 51.883     87
 51.912    109
 51.941     83
 51.970    107
 51.999    112
 52.028     83
 52.057     88
 52.086     80
 52.115     80
 52.144     93
 52.173     95
 52.202    102
 52.231     82
 52.260     89
 52.290     84
 52.319     94
 52.348     76
 52.377     88
 52.406     99
 52.435     76
 52.464     89
 52.493     96
 52.522    104
 52.551     92
 52.580     85
 52.609     97
 52.638     86
 52.667     88
 52.696     99
 52.725     86
 52.754    106
 52.783    103
 52.812    104
 52.841     88
 52.870     83
 52.899     72
 52.928     89
 52.957     80
 52.986     85
 53.015    108
 53.045     96
 53.074     83
 53.103    106
 53.132     89
 53.161     93
 53.190    100
 53.219     95
 53.248     91
 53.277     66
 53.306    106
 53.335     76
 53.364     74
 53.393    100
 53.422     86
 53.451     82
 53.480     93
 53.509     84
 53.538     97
 53.567     87
 53.596     83
 53.625     89
 53.654     94
 53.683     98
 53.712     91
 53.741     76
 53.770     86
 53.800     98
 53.829     76
 53.858     86
 53.887     93
 53.916    107
 53.945     92
 53.974     83
 54.003     69
 54.032    111
 54.061    114
 54.090    100
 54.119     92
 54.148    111
 54.177    127
 54.206    116
 54.235     87
 54.264     97
 54.293     79
 54.322     91
 54.351     96
 54.380     90
 54.409    100
 54.438     98
 54.467     92
 54.496     82
 54.526     85
 54.555     69
 54.584     79
 54.613     92
 54.642     91
 54.671     70
 54.700     94
 54.729     81
 54.758     66
 54.787     72
 54.816     83
 54.845     85
 54.874     91
 54.903     88
 54.932     96
 54.961     80
 54.990     73
 55.019     99
 55.048     77
 55.077     80
 55.106     70
 55.135     91
 55.164    100
 55.193     77
 55.222     74
 55.251     90
 55.281     94
 55.310     78
 55.339     92
 55.368    102
 55.397     81
 55.426     92
 55.455     77
 55.484     96
 55.513     69
 55.542     68
 55.571     97
 55.600     90
 55.629     77
 55.658     69
 55.687     95
 55.716     71
 55.745     83
 55.774     72
 55.803     93
 55.832     85
 55.861     83
 55.890     83
 55.919     81
 55.948     96
 55.977     86
 56.006     85
 56.036     97
 56.065     79
 56.094     86
 56.123     73
 56.152     74
 56.181     85
 56.210     94
 56.239     81
 56.268     85
 56.297     90
 56.326     92
 56.355    104
 56.384    107
 56.413     97
 56.442    102
 56.471    114
 56.500    141
 56.529    144
 56.558    179
 56.587    181
 56.616    198
 56.645    225
 56.674    230
 56.703    204
 56.732    199
 56.762    232
 56.791    228
 56.820    252
 56.849    269
 56.878    213
 56.907    193
 56.936    172
 56.965    159
 56.994    164
 57.023    144
 57.052    144
 57.081    154
 57.110    124
 57.139    104
 57.168     92
 57.197     91
 57.226     82
 57.255     93
 57.284     85
 57.313     89
 57.342     99
 57.371     92
 57.400     90
 57.429     75
 57.458     75
 57.487    106
 57.517     75
 57.546     71
 57.575     75
 57.604     75
 57.633     75
 57.662     77
 57.691     82
 57.720     78
 57.749     78
 57.778     77
 57.807    102
 57.836     77
 57.865     92
 57.894     73
 57.923     86
 57.952     87
 57.981     68
 58.010     78
 58.039     71
 58.068     77
 58.097     68
 58.126     76
 58.155     76
 58.184     75
 58.213     71
 58.242     58
 58.272     70
 58.301     78
 58.330     74
 58.359     78
 58.388     64
 58.417     72
 58.446     67
 58.475     79
 58.504     64
 58.533     50
 58.562     79
 58.591     96
 58.620     70
 58.649     90
 58.678     61
 58.707     75
 58.736     81
 58.765     67
 58.794     77
 58.823     88
 58.852     78
 58.881     70
 58.910     89
 58.939     81
 58.968     88
 58.997     84
 59.027     84
 59.056     67
 59.085     68
 59.114     65
 59.143     74
 59.172     68
 59.201     75
 59.230     73
 59.259     63
 59.288     71
 59.317     67
 59.346     85
 59.375     91
 59.404     69
 59.433     71
 59.462     61
 59.491     80
 59.520     71
 59.549     69
 59.578     69
 59.607     70
 59.636     68
 59.665     80
 59.694     72
 59.723     67
 59.753     63
 59.782     71
 59.811     72
 59.840     63
 59.869     62
 59.898     66
 59.927     71
 59.956     67
 59.985     76
 60.014     59
 60.043     69
 60.072     72
 60.101     72
 60.130     58
 60.159     59
 60.188     74
 60.217     54
 60.246     58
 60.275     55
 60.304     72
 60.333     59
 60.362     67
 60.391     49
 60.420     59
 60.449     68
 60.478     59
 60.508     62
 60.537     61
 60.566     57
 60.595     52
 60.624     71
 60.653     62
 60.682     41
 60.711     62
 60.740     68
 60.769     55
 60.798     53
 60.827     76
 60.856     54
 60.885     64
 60.914     77
 60.943     54
 60.972     70
 61.001     58
 61.030     57
 61.059     65
 61.088     46
 61.117     66
 61.146     62
 61.175     71
 61.204     64
 61.233     61
 61.263     59
 61.292     74
 61.321     62
 61.350     61
 61.379     50
 61.408     55
 61.437     62
 61.466     72
 61.495     66
 61.524     59
 61.553     66
 61.582     76
 61.611     71
 61.640     62
 61.669     56
 61.698     70
 61.727     64
 61.756     68
 61.785     77
 61.814     51
 61.843     73
 61.872     72
 61.901     72
 61.930     58
 61.959     61
 61.989     59
 62.018     76
 62.047     62
 62.076     65
 62.105     75
 62.134     77
 62.163     70
 62.192     58
 62.221     72
 62.250     56
 62.279     73
 62.308     71
 62.337     67
 62.366     64
 62.395     69
 62.424     78
 62.453     69
 62.482     77
 62.511     79
 62.540     70
 62.569     78
 62.598     67
 62.627     76
 62.656     73
 62.685     83
 62.714     76
 62.744     57
 62.773     80
 62.802     65
 62.831     64
 62.860     61
 62.889     68
 62.918     74
 62.947     79
 62.976     51
 63.005     68
 63.034    103
 63.063     78
 63.092     58
 63.121     64
 63.150     80
 63.179     66
 63.208     80
 63.237     81
 63.266     71
 63.295     71
 63.324     67
 63.353     87
 63.382     86
 63.411     62
 63.440     76
 63.469     89
 63.499     68
 63.528     72
 63.557     72
 63.586     53
 63.615     69
 63.644     63
 63.673     53
 63.702     77
 63.731     68
 63.760     90
 63.789     92
 63.818     71
 63.847     72
 63.876     67
 63.905     69
 63.934     84
 63.963     85
 63.992     61
 64.021     50
 64.050     85
 64.079     80
 64.108     75
 64.137     72
 64.166     62
 64.195     61
 64.225     72
 64.254     51
 64.283     75
 64.312     81
 64.341     70
 64.370     79
 64.399     61
 64.428     58
 64.457     76
 64.486     55
 64.515     73
 64.544     78
 64.573     79
 64.602     80
 64.631     62
 64.660     62
 64.689     81
 64.718     67
 64.747     71
 64.776     69
 64.805     71
 64.834     69
 64.863     71
 64.892     72
 64.921     83
 64.950     69
 64.980     96
 65.009     69
 65.038     76
 65.067     69
 65.096     70
 65.125     72
 65.154     67
 65.183     72
 65.212     75
 65.241     79
 65.270     55
 65.299     94
 65.328     76
 65.357     86
 65.386     84
 65.415     80
 65.444     71
 65.473     65
 65.502     81
 65.531     66
 65.560     78
 65.589     63
 65.618     62
 65.647     79
 65.676     66
 65.705     78
 65.735     61
 65.764     80
 65.793     67
 65.822     97
 65.851     69
 65.880     97
 65.909     64
 65.938     70
 65.967     84
 65.996     64
 66.025     73
 66.054     68
 66.083     68
 66.112     92
 66.141     76
 66.170     70
 66.199     96
 66.228     77
 66.257     73
 66.286     96
 66.315    105
 66.344    123
 66.373    123
 66.402    121
 66.431    100
 66.460    142
 66.490    136
 66.519    135
 66.548    136
 66.577    141
 66.606    144
 66.635    130
 66.664    160
 66.693    114
 66.722    132
 66.751    119
 66.780    131
 66.809    119
 66.838    115
 66.867    102
 66.896    115
 66.925    100
 66.954     90
 66.983     93
 67.012    103
 67.041    121
 67.070    111
 67.099    125
 67.128    117
 67.157    121
 67.186    115
 67.216    109
 67.245    105
 67.274    111
 67.303     75
 67.332     76
 67.361     83
 67.390     76
 67.419     86
 67.448     80
 67.477     76
 67.506     77
 67.535     86
 67.564     78
 67.593     63
 67.622     78
 67.651     71
 67.680     80
 67.709     84
 67.738     73
 67.767     77
 67.796     71
 67.825     64
 67.854     71
 67.883     63
 67.912     74
 67.941     81
 67.971     72
 68.000     73
 68.029     80
 68.058     74
 68.087     79
 68.116     80
 68.145     70
 68.174     74
 68.203     66
 68.232     50
 68.261     68
 68.290     76
 68.319     59
 68.348     75
 68.377     59
 68.406     56
 68.435     65
 68.464     61
 68.493     66
 68.522     70
 68.551     75
 68.580     57
 68.609     66
 68.638     60
 68.667     77
 68.696     62
 68.726     83
 68.755     65
 68.784     66
 68.813     90
 68.842     67
 68.871     57
 68.900     68
 68.929     66
 68.958     85
 68.987     64
 69.016     83
 69.045     75
 69.074     69
 69.103     70
 69.132     73
 69.161     73
 69.190     67
 69.219     73
 69.248     70
 69.277     90
 69.306     69
 69.335     69
 69.364     76
 69.393     74
 69.422     70
 69.452     66
 69.481     76
 69.510     78
 69.539     63
 69.568     84
 69.597     74
 69.626     72
 69.655     75
 69.684     72
 69.713     64
 69.742     66
 69.771     74
 69.800     64
 69.829     73
 69.858     69
 69.887     86
 69.916     63
 69.945     94
 69.974     81
 70.003     82
 70.032     70
 70.061     77
 70.090     77
 70.119     84
 70.148     65
 70.177     64
 70.207     71
 70.236     70
 70.265     66
 70.294     85
 70.323     89
 70.352     86
 70.381     70
 70.410     57
 70.439     93
 70.468     66
 70.497     80
 70.526     80
 70.555     91
 70.584     74
 70.613     63
 70.642     71
 70.671     81
 70.700     96
 70.729     66
 70.758     85
 70.787     65
 70.816     86
 70.845     63
 70.874     86
 70.903     79
 70.932     69
 70.962     79
 70.991     70
 71.020     71
 71.049     81
 71.078     63
 71.107     51
 71.136     66
 71.165     72
 71.194     76
 71.223     63
 71.252     76
 71.281     77
 71.310     78
 71.339     65
 71.368     80
 71.397     79
 71.426     69
 71.455     87
 71.484     63
 71.513     67
 71.542     82
 71.571     86
 71.600     63
 71.629     68
 71.658     71
 71.687     74
 71.717     69
 71.746     93
 71.775     72
 71.804     80
 71.833     86
 71.862     75
 71.891     93
 71.920     78
 71.949     66
 71.978     86
 72.007     61
 72.036     78
 72.065     77
 72.094     87
 72.123     76
 72.152     83
 72.181     75
 72.210     73
 72.239     72
 72.268     76
 72.297     75
 72.326     78
 72.355     75
 72.384     74
 72.413     74
 72.443     63
 72.472     87
 72.501     85
 72.530     62
 72.559     69
 72.588     78
 72.617     69
 72.646     76
 72.675     71
 72.704     79
 72.733     75
 72.762     76
 72.791     75
 72.820     73
 72.849     71
 72.878     79
 72.907     72
 72.936     74
 72.965     71
 72.994     74
 73.023     80
 73.052     78
 73.081     91
 73.110    100
 73.139     85
 73.168     85
 73.198     77
 73.227     87
 73.256     91
 73.285     66
 73.314     89
 73.343     75
 73.372     72
 73.401     87
 73.430     93
 73.459    103
 73.488     84
 73.517     88
 73.546     95
 73.575     98
 73.604     81
 73.633     91
 73.662     85
 73.691     93
 73.720     92
 73.749    111
 73.778     68
 73.807     88
 73.836     86
 73.865     81
 73.894     74
 73.923     74
 73.953     81
 73.982     85
 74.011     71
 74.040     79
 74.069     67
 74.098     71
 74.127     79
 74.156     83
 74.185     79
 74.214     91
 74.243     91
 74.272     77
 74.301     67
 74.330     68
 74.359     79
 74.388     86
 74.417     68
 74.446     89
 74.475     85
 74.504     87
 74.533     78
 74.562     94
 74.591     78
 74.620     77
 74.649     62
 74.679     75
 74.708     74
 74.737    100
 74.766     98
 74.795     94
 74.824     80
 74.853     82
 74.882     93
 74.911    102
 74.940     78
 74.969     86
 74.998     91
 75.027     93
 75.056    101
 75.085     84
 75.114     94
 75.143    113
 75.172    151
 75.201    161
 75.230    194
 75.259    198
 75.288    230
 75.317    218
 75.346    215
 75.375    218
 75.404    240
 75.434    295
 75.463    267
 75.492    269
 75.521    233
 75.550    229
 75.579    292
 75.608    255
 75.637    239
 75.666    279
 75.695    271
 75.724    251
 75.753    271
 75.782    262
 75.811    243
 75.840    240
 75.869    235
 75.898    221
 75.927    235
 75.956    171
 75.985    173
 76.014    158
 76.043    170
 76.072    147
 76.101    129
 76.130    100
 76.159    114
 76.189     99
 76.218    123
 76.247     79
 76.276     91
 76.305     88
 76.334     75
 76.363     83
 76.392     84
 76.421     72
 76.450     76
 76.479     93
 76.508     89
 76.537     92
 76.566     64
 76.595     91
 76.624     79
 76.653     93
 76.682     79
 76.711     88
 76.740     91
 76.769     82
 76.798     90
 76.827     71
 76.856     75
 76.885     94
 76.915     79
 76.944     72
 76.973     85
 77.002     62
 77.031     79
 77.060     76
 77.089     87
 77.118     73
 77.147     72
 77.176     85
 77.205     85
 77.234     86
 77.263     68
 77.292     82
 77.321     72
 77.350     79
 77.379     72
 77.408     95
 77.437     75
 77.466     89
 77.495     72
 77.524     67
 77.553     83
 77.582     81
 77.611     76
 77.640     78
 77.670     85
 77.699     62
 77.728     63
 77.757     84
 77.786     86
 77.815     80
 77.844     87
 77.873     95
 77.902    111
 77.931    124
 77.960     92
 77.989    117
 78.018    105
 78.047    152
 78.076    138
 78.105    154
 78.134    136
 78.163    126
 78.192    136
 78.221    131
 78.250    139
 78.279    109
 78.308    145
 78.337     97
 78.366     93
 78.395     95
 78.425     93
 78.454     96
 78.483     79
 78.512     88
 78.541     76
 78.570     95
 78.599     86
 78.628     73
 78.657     72
 78.686     71
 78.715     92
 78.744     72
 78.773     84
 78.802     98
 78.831     82
 78.860     72
 78.889     81
 78.918     86
 78.947     74
 78.976     98
 79.005     74
 79.034     71
 79.063     83
 79.092     60
 79.121     78
 79.150     82
 79.180     85
 79.209     75
 79.238     75
 79.267     93
 79.296     68
 79.325     85
 79.354     77
 79.383     69
 79.412     69
 79.441     84
 79.470     67
 79.499     69
 79.528     76
 79.557     83
 79.586     68
 79.615     65
 79.644     84
 79.673     69
 79.702     72
 79.731     72
 79.760     70
 79.789     83
 79.818     81
 79.847     79
 79.876     82
 79.906     70
 79.935     66
 79.964     68
 79.993     65
 80.022     73
 80.051     97
 80.080     86
 80.109     71
 80.138     76
 80.167     63
 80.196     71
 80.225     85
 80.254     80
 80.283     83
 80.312     81
 80.341     56
 80.370     68
 80.399     84
 80.428     71
 80.457     75
 80.486     73
 80.515     79
 80.544     76
 80.573     56
 80.602     85
 80.631     86
 80.661     76
 80.690     95
 80.719     91
 80.748     72
 80.777     72
 80.806     82
 80.835     87
 80.864     90
 80.893     75
 80.922     65
 80.951     88
 80.980     71
 81.009     78
 81.038     76
 81.067     69
 81.096     74
 81.125     69
 81.154     79
 81.183     76
 81.212     78
 81.241     78
 81.270     84
 81.299     82
 81.328     78
 81.357     86
 81.386     65
 81.416     75
 81.445     71
 81.474     67
 81.503     82
 81.532     68
 81.561     70
 81.590     82
 81.619     62
 81.648     74
 81.677     86
 81.706     80
 81.735     75
 81.764     75
 81.793     78
 81.822     79
 81.851     67
 81.880     74
 81.909     75
 81.938     60
 81.967     94
 81.996     73
 82.025     65
 82.054     80
 82.083     89
 82.112     60
 82.142     76
 82.171     79
 82.200     69
 82.229     78
 82.258     81
 82.287     63
 82.316     62
 82.345     59
 82.374     66
 82.403     72
 82.432     83
 82.461     80
 82.490     77
 82.519     85
 82.548     76
 82.577     76
 82.606     92
 82.635     75
 82.664     71
 82.693     66
 82.722     70
 82.751     67
 82.780     72
 82.809     72
 82.838     80
 82.867     70
 82.897     76
 82.926     72
 82.955     70
 82.984     71
 83.013     81
 83.042     67
 83.071     66
 83.100     92
 83.129     61
 83.158     62
 83.187     80
 83.216     75
 83.245     73
 83.274     79
 83.303     79
 83.332     64
 83.361     81
 83.390     75
 83.419     73
 83.448     75
 83.477     65
 83.506     76
 83.535     79
 83.564     71
 83.593     81
 83.622     79
 83.652     74
 83.681     82
 83.710     72
 83.739     86
 83.768     82
 83.797     93
 83.826     84
 83.855     77
 83.884     70
 83.913     94
 83.942     66
 83.971     85
 84.000     85
 84.029     81
 84.058     87
 84.087     93
 84.116     94
 84.145    107
 84.174    111
 84.203    110
 84.232    119
 84.261    112
 84.290    145
 84.319    158
 84.348    170
 84.377    165
 84.407    162
 84.436    183
 84.465    193
 84.494    198
 84.523    168
 84.552    183
 84.581    208
 84.610    193
 84.639    189
 84.668    181
 84.697    176
 84.726    172
 84.755    156
 84.784    176
 84.813    171
 84.842    174
 84.871    116
 84.900    121
 84.929    131
 84.958    122
 84.987    116
 85.016     98
 85.045     84
 85.074     99
 85.103     78
 85.133     88
 85.162     92
 85.191     86
 85.220     91
 85.249     81
 85.278     81
 85.307     88
 85.336     67
 85.365     75
 85.394     80
 85.423     88
 85.452     62
 85.481     66
 85.510     85
 85.539     87
 85.568     79
 85.597     63
 85.626     67
 85.655     77
 85.684     77
 85.713     78
 85.742     77
 85.771     78
 85.800     72
 85.829     75
 85.858     76
 85.888     76
 85.917     61
 85.946     64
 85.975     76
 86.004     70
 86.033     72
 86.062     65
 86.091     72
 86.120     72
 86.149     68
 86.178     63
 86.207     70
 86.236     55
 86.265     65
 86.294     72
 86.323     62
 86.352     69
 86.381     76
 86.410     79
 86.439     84
 86.468     73
 86.497     76
 86.526     80
 86.555     59
 86.584     70
 86.613     62
 86.643     78
 86.672     58
 86.701     63
 86.730     67
 86.759     76
 86.788     71
 86.817     89
 86.846     65
 86.875     69
 86.904     54
 86.933     67
 86.962     70
 86.991     69
 87.020     67
 87.049     72
 87.078     68
 87.107     69
 87.136     76
 87.165     65
 87.194     73
 87.223     76
 87.252     59
 87.281     79
 87.310     73
 87.339     75
 87.369     69
 87.398     67
 87.427     74
 87.456     90
 87.485     90
 87.514     71
 87.543     64
 87.572     80
 87.601     69
 87.630     76
 87.659     64
 87.688     72
 87.717     78
 87.746     70
 87.775     94
 87.804     77
 87.833     64
 87.862     79
 87.891     69
 87.920     61
 87.949     66
 87.978     72
 88.007     80
 88.036     78
 88.065     85
 88.094     77
 88.124     80
 88.153     70
 88.182     90
 88.211     95
 88.240     70
 88.269     71
 88.298     71
 88.327     76
 88.356     71
 88.385     68
 88.414     77
 88.443     82
 88.472     77
 88.501     89
 88.530     69
 88.559     70
 88.588     76
 88.617     64
 88.646     72
 88.675     60
 88.704     70
 88.733     85
 88.762     65
 88.791     71
 88.820     83
 88.849     67
 88.879     90
 88.908     60
 88.937     67
 88.966     71
 88.995     76
 89.024     70
 89.053     77
 89.082     81
 89.111     67
 89.140     82
 89.169     70
 89.198     78
 89.227     70
 89.256     72
 89.285     72
 89.314     93
 89.343     79
 89.372     82
 89.401     88
 89.430    114
 89.459    110
 89.488    109
 89.517    140
 89.546    122
 89.575    120
 89.604    128
 89.634    123
 89.663    115
 89.692    126
 89.721     90
 89.750     98
 89.779     89
 89.808    112
 89.837    101
 89.866     92
 89.895     85
 89.924     85
 89.953     68
 89.982     91
 90.011    105
 90.040     99
 90.069     81
 90.098     95
 90.127     67
 90.156     79
 90.185     67
 90.214    103
 90.243     80
 90.272     91
 90.301     68
 90.330     89
 90.360     84
 90.389     75
 90.418     64
 90.447     89
 90.476     70
 90.505     88
 90.534     79
 90.563     73
 90.592     75
 90.621     77
 90.650     87
 90.679     67
 90.708     91
 90.737     76
 90.766     75
 90.795     70
 90.824     73
 90.853     83
 90.882     61
 90.911     94
 90.940     85
 90.969     65
 90.998     71
 91.027     73
 91.056     89
 91.085     85
 91.115     83
 91.144     84
 91.173     77
 91.202     89
 91.231     86
 91.260     88
 91.289     82
 91.318     59
 91.347     76
 91.376     77
 91.405     73
 91.434     63
 91.463     77
 91.492     74
 91.521     78
 91.550     67
 91.579     83
 91.608     74
 91.637     77
 91.666     79
 91.695     77
 91.724     60
 91.753     76
 91.782     78
 91.811     57
 91.840     66
 91.870     74
 91.899     68
 91.928     76
 91.957     68
 91.986     49
 92.015     85
 92.044     69
 92.073     74
 92.102     71
 92.131     71
 92.160     76
 92.189     75
 92.218     76
 92.247     60
 92.276     76
 92.305     71
 92.334     66
 92.363     68
 92.392     74
 92.421     73
 92.450     71
 92.479     53
 92.508     72
 92.537     70
 92.566     60
 92.596     53
 92.625     65
 92.654     75
 92.683     64
 92.712     75
 92.741     74
 92.770     65
 92.799     73
 92.828     72
 92.857     69
 92.886     65
 92.915     82
 92.944     55
 92.973     71
 93.002     68
 93.031     64
 93.060     63
 93.089     75
 93.118     70
 93.147     63
 93.176     68
 93.205     70
 93.234     56
 93.263     80
 93.292     60
 93.321     65
 93.351     79
 93.380     85
 93.409     83
 93.438     49
 93.467     78
 93.496     83
 93.525     66
 93.554     61
 93.583     82
 93.612     62
 93.641     77
 93.670     71
 93.699     77
 93.728     70
 93.757     71
 93.786     70
 93.815     65
 93.844     66
 93.873     65
 93.902     55
 93.931     80
 93.960     58
 93.989     73
 94.018     50
 94.047     62
 94.076     63
 94.106     68
 94.135     66
 94.164     69
 94.193     63
 94.222     61
 94.251     64
 94.280     75
 94.309     74
 94.338     72
 94.367     69
 94.396     60
 94.425     69
 94.454     65
 94.483     63
 94.512     85
 94.541     75
 94.570     57
 94.599     62
 94.628     74
 94.657     67
 94.686     66
 94.715     63
 94.744     55
 94.773     77
 94.802     79
 94.832     68
 94.861     73
 94.890     73
 94.919     65
 94.948     77
 94.977     60
 95.006     79
 95.035     84
 95.064     73
 95.093     70
 95.122     80
 95.151     84
 95.180     87
 95.209     65
 95.238     76
 95.267     68
 95.296     99
 95.325     75
 95.354     84
 95.383     65
 95.412     66
 95.441     51
 95.470     91
 95.499     48
 95.528     75
 95.557     64
 95.587     67
 95.616     70
 95.645     63
 95.674     49
 95.703     84
 95.732     67
 95.761     64
 95.790     82
 95.819     80
 95.848     76
 95.877     59
 95.906     81
 95.935     73
 95.964     74
 95.993     68
 96.022     74
 96.051     81
 96.080     88
 96.109     66
 96.138     62
 96.167     71
 96.196     69
 96.225     58
 96.254     52
 96.283     68
 96.312     84
 96.342     74
 96.371     81
 96.400     67
 96.429     76
 96.458     79
 96.487     56
 96.516     78
 96.545     76
 96.574     83
 96.603     89
 96.632     68
 96.661     83
 96.690     82
 96.719     66
 96.748     75
 96.777     71
 96.806     55
 96.835     65
 96.864     81
 96.893     78
 96.922     71
 96.951     61
 96.980     78
 97.009     65
 97.038     73
 97.067     78
 97.097     67
 97.126     91
 97.155     73
 97.184     62
 97.213     72
 97.242     64
 97.271     75
 97.300     81
 97.329     71
 97.358     68
 97.387     68
 97.416     78
 97.445     82
 97.474     80
 97.503     85
 97.532     80
 97.561     78
 97.590     73
 97.619     79
 97.648     64
 97.677     61
 97.706     70
 97.735     68
 97.764     85
 97.793     78
 97.823     79
 97.852     90
 97.881     69
 97.910     91
 97.939     74
 97.968     79
 97.997     88
 98.026     77
 98.055     89
 98.084     74
 98.113     85
 98.142     82
 98.171     85
 98.200     70
 98.229     96
 98.258     94
 98.287     97
 98.316     85
 98.345    103
 98.374     93
 98.403    119
 98.432    111
 98.461    134
 98.490    102
 98.519    112
 98.548    114
 98.578    122
 98.607    138
 98.636    127
 98.665    117
 98.694     91
 98.723     95
 98.752     99
 98.781     92
 98.810     94
 98.839     96
 98.868     98
 98.897     74
 98.926     95
 98.955     96
 98.984     94
 99.013     90
 99.042     93
 99.071     91
 99.100     86
 99.129     81
 99.158     72
 99.187     89
 99.216     94
 99.245     75
 99.274     72
 99.303     74
 99.333     81
 99.362     74
 99.391     82
 99.420     83
 99.449     83
 99.478     70
 99.507     87
 99.536     74
 99.565     73
 99.594     90
 99.623     76
 99.652     80
 99.681     85
 99.710     60
 99.739     71
 99.768     77
 99.797     72
 99.826     84
 99.855     58
 99.884     64
 99.913     72
 99.942     78
 99.971     67
100.000     73
100.029     72
100.059     70
100.088     78
100.117     83
100.146     73
100.175     81
100.204     82
100.233     75
100.262     70
100.291     71
100.320     81
100.349     73
100.378     77
100.407     94
100.436     83
100.465     71
100.494     78
100.523     86
100.552     70
100.581     76
100.610     87
100.639     89
100.668     75
100.697     72
100.726     73
100.755     71
100.784     80
100.814     77
100.843     83
100.872     66
100.901     65
100.930    101
100.959    107
100.988     74
101.017     73
101.046     72
101.075     84
101.104     64
101.133     74
101.162     86
101.191     94
101.220     91
101.249     69
101.278     81
101.307     71
101.336     90
101.365     92
101.394     86
101.423     82
101.452     94
101.481     92
101.510     87
101.539     84
101.569    105
101.598     98
101.627    110
101.656    102
101.685    119
101.714    104
101.743     97
101.772    120
101.801    117
101.830    125
101.859    135
101.888     94
101.917    106
101.946    114
101.975    115
102.004     96
102.033     90
102.062     96
102.091    118
102.120     94
102.149    104
102.178    101
102.207    106
102.236     96
102.265     92
102.294     80
102.324    107
102.353     94
102.382     90
102.411     64
102.440     83
102.469     99
102.498     96
102.527    102
102.556     77
102.585     80
102.614     69
102.643     72
102.672     74
102.701     92
102.730     80
102.759     78
102.788     75
102.817     72
102.846     78
102.875     73
102.904     93
102.933     89
102.962     78
102.991     83
103.020     74
103.050     69
103.079     63
103.108     78
103.137     65
103.166     88
103.195     91
103.224     72
103.253    103
103.282     87
103.311     78
103.340     76
103.369     70
103.398     74
103.427     79
103.456     85
103.485     64
103.514     71
103.543     68
103.572     80
103.601     71
103.630     91
103.659     77
103.688     76
103.717     74
103.746     59
103.775     64
103.805     90
103.834     80
103.863     88
103.892     75
103.921     64
103.950     92
103.979     78
104.008     66
104.037     88
104.066     71
104.095     67
104.124     75
104.153     66
104.182     80
104.211     95
104.240     70
104.269     64
104.298     79
104.327     77
104.356     81
104.385     79
104.414     67
104.443     90
104.472     90
104.501     76
104.530     62
104.560     66
104.589     75
104.618     70
104.647     80
104.676     69
104.705     85
104.734     88
104.763     73
104.792     83
104.821     71
104.850     75
104.879     69
104.908     77
104.937     82
104.966     71
104.995     82
105.024     77
105.053     62
105.082     77
105.111     79
105.140     93
105.169     78
105.198     84
105.227     65
105.256     85
105.286     79
105.315     78
105.344     73
105.373     74
105.402     74
105.431     80
105.460     84
105.489     92
105.518     52
105.547     83
105.576     75
105.605     97
105.634     96
105.663     68
105.692     85
105.721     75
105.750     73
105.779     88
105.808     91
105.837     65
105.866     83
105.895     71
105.924     80
105.953     85
105.982     69
106.011     75
106.041     80
106.070     88
106.099     75
106.128     70
106.157     79
106.186     88
106.215     59
106.244     84
106.273     69
106.302     73
106.331     78
106.360    100
106.389     77
106.418     85
106.447     95
106.476     63
106.505     73
106.534     85
106.563     82
106.592     93
106.621     70
106.650     79
106.679     63
106.708     79
106.737     85
106.766     73
106.796     89
106.825     70
106.854     77
106.883     91
106.912     73
106.941     79
106.970     77
106.999     71
107.028     77
107.057     81
107.086     81
107.115     90
107.144     95
107.173     95
107.202     80
107.231     66
107.260     80
107.289     66
107.318     78
107.347     83
107.376     76
107.405     89
107.434     70
107.463     79
107.492     78
107.522     81
107.551     76
107.580     86
107.609     85
107.638     65
107.667     84
107.696     78
107.725     80
107.754     81
107.783     76
107.812     89
107.841     77
107.870     79
107.899     74
107.928     72
107.957     86
107.986     88
108.015     93
108.044     65
108.073     79
108.102     84
108.131     86
108.160     82
108.189     80
108.218     96
108.247     78
108.277    102
108.306     82
108.335     96
108.364     87
108.393     84
108.422     94
108.451     70
108.480     91
108.509    111
108.538    103
108.567     86
108.596     95
108.625     84
108.654     83
108.683     86
108.712     85
108.741     89
108.770     86
108.799     74
108.828     81
108.857     98
108.886    100
108.915     87
108.944     83
108.973     83
109.002     81
109.032     88
109.061     83
109.090     83
109.119     88
109.148     92
109.177     85
109.206     96
109.235     70
109.264     98
109.293     80
109.322     78
109.351     74
109.380     95
109.409     85
109.438     76
109.467     80
109.496     94
109.525     78
109.554     88
109.583     67
109.612     80
109.641     75
109.670     85
109.699     74
109.728     68
109.757     99
109.787     66
109.816     72
109.845     84
109.874     93
109.903     71
109.932     85
109.961    101
109.990     81
110.019     75
110.048     90
110.077     80
110.106    104
110.135     88
110.164    109
110.193     95
110.222     77
110.251    113
110.280     86
110.309    102
110.338    106
110.367    113
110.396    102
110.425    113
110.454    112
110.483    124
110.513    136
110.542    137
110.571    167
110.600    150
110.629    135
110.658    145
110.687    165
110.716    168
110.745    155
110.774    157
110.803    177
110.832    167
110.861    174
110.890    168
110.919    156
110.948    162
110.977    169
111.006    167
111.035    145
111.064    128
111.093    146
111.122    136
111.151    147
111.180    136
111.209    147
111.238    149
111.268    127
111.297    121
111.326    126
111.355    126
111.384     96
111.413    123
111.442    122
111.471    113
111.500    116
111.529     89
111.558    107
111.587     95
111.616     87
111.645     82
111.674     93
111.703     99
111.732     94
111.761     82
111.790    111
111.819     81
111.848     92
111.877     97
111.906     78
111.935     93
111.964     81
111.993     79
112.023     96
112.052     86
112.081     87
112.110     86
112.139    101
112.168     81
112.197     85
112.226     92
112.255    112
112.284     88
112.313     93
112.342     71
112.371    118
112.400     96
112.429    105
112.458     76
112.487     87
112.516     78
112.545     82
112.574     98
112.603     86
112.632     66
112.661     67
112.690     80
112.719     98
112.749     78
112.778     95
112.807     86
112.836     89
112.865     89
112.894     84
112.923     81
112.952     78
112.981     78
113.010     84
113.039     95
113.068     91
113.097     84
113.126     95
113.155     87
113.184     85
113.213     76
113.242     91
113.271     79
113.300     78
113.329     84
113.358     87
113.387     78
113.416     89
113.445     90
113.474     88
113.504     82
113.533     98
113.562     80
113.591     91
113.620     77
113.649    104
113.678    111
113.707     86
113.736     83
113.765     82
113.794     82
113.823     55
113.852     80
113.881     75
113.910     81
113.939     83
113.968     97
113.997     90
114.026     82
114.055     75
114.084     90
114.113     78
114.142     80
114.171     90
114.200     70
114.229     92
114.259     93
114.288     87
114.317     85
114.346     98
114.375     90
114.404     86
114.433     92
114.462     97
114.491     77
114.520     95
114.549    100
114.578     82
114.607     79
114.636    115
114.665     83
114.694     86
114.723     93
114.752     95
114.781     88
114.810     95
114.839     87
114.868    100
114.897     84
114.926     79
114.955     89
114.984     90
115.014     89
115.043     80
115.072     97
115.101     83
115.130     89
115.159     72
115.188    106
115.217     90
115.246     83
115.275     95
115.304     85
115.333     83
115.362     90
115.391     77
115.420    103
115.449     80
115.478     96
115.507    103
115.536     93
115.565    102
115.594     94
115.623     89
115.652    104
115.681     91
115.710    100
115.740     95
115.769     98
115.798     90
115.827     84
115.856     78
115.885     97
115.914    107
115.943    115
115.972    104
116.001     85
116.030     97
116.059     91
116.088     96
116.117     95
116.146     82
116.175     90
116.204     93
116.233     91
116.262     94
116.291     83
116.320     82
116.349     86
116.378     88
116.407     92
116.436    101
116.465    103
116.495     94
116.524     92
116.553    103
116.582     94
116.611    104
116.640     92
116.669     85
116.698     94
116.727     94
116.756     70
116.785     84
116.814    107
116.843     92
116.872     90
116.901     86
116.930     94
116.959     91
116.988     94
117.017     92
117.046     98
117.075    104
117.104    110
117.133     92
117.162     81
117.191    109
117.220     85
117.250     89
117.279     93
117.308     91
117.337     96
117.366     71
117.395    104
117.424     93
117.453     98
117.482     88
117.511     84
117.540     87
117.569    103
117.598     88
117.627    111
117.656     93
117.685     94
117.714    100
117.743     87
117.772     90
117.801    106
117.830     95
117.859     68
117.888     93
117.917     74
117.946     95
117.976     99
118.005     98
118.034     91
118.063     93
118.092    103
118.121     92
118.150    103
118.179     89
118.208     87
118.237     96
118.266    102
118.295     89
118.324     84
118.353     85
118.382     91
118.411     86
118.440    114
118.469     99
118.498     84
118.527     95
118.556     94
118.585     91
118.614     88
118.643     93
118.672    102
118.701     84
118.731     83
118.760    101
118.789    114
118.818     84
118.847     88
118.876    105
118.905     95
118.934     93
118.963    105
118.992    101
119.021     88
119.050     95
119.079    104
119.108    106
119.137    111
119.166     87
119.195    111
119.224    107
119.253     86
119.282    104
119.311     88
119.340     95
119.369     85
119.398    112
119.427     77
119.456     74
119.486     60
119.515     12
119.544      1
119.573      0
119.602      0
119.631      0
119.660      0
119.689      0
119.718      0
119.747      0
119.776      0
119.805      0
119.834      0
119.863      0
119.892      0
119.921      0
119.950      0
119.979      0
120.008      0
120.037      0
120.066      0
120.095      0
120.124      0
120.153      0
120.182      0
120.212      0
120.241      0
120.270      0
120.299      0
120.328      0
120.357      0
120.386      0
120.415      0
120.444      0
120.473      0
120.502      0
120.531      0
120.560      0
