-0.000000	-0.960647
0.006667	-0.962277
0.013333	-0.959832
0.020000	-0.960443
0.026667	-0.959730
0.033333	-0.961258
0.040000	-0.962889
0.046667	-0.963704
0.053333	-0.963500
0.060000	-0.961156
0.066667	-0.964316
0.073333	-0.964316
0.080000	-0.965844
0.086667	-0.965538
0.093333	-0.965233
0.100000	-0.964621
0.106667	-0.967067
0.113333	-0.966354
0.120000	-0.967271
0.126667	-0.965131
0.133333	-0.966863
0.140000	-0.966863
0.146667	-0.967169
0.153333	-0.966048
0.160000	-0.965538
0.166667	-0.967271
0.173333	-0.966965
0.180000	-0.967373
0.186667	-0.965538
0.193333	-0.967475
0.200000	-0.966455
0.206667	-0.966150
0.213333	-0.966659
0.220000	-0.967882
0.226667	-0.969411
0.233333	-0.968290
0.240000	-0.967169
0.246667	-0.968799
0.253333	-0.968494
0.260000	-0.970328
0.266667	-0.969411
0.273333	-0.969207
0.280000	-0.970532
0.286667	-0.970022
0.293333	-0.969716
0.300000	-0.970226
0.306667	-0.969818
0.313333	-0.970634
0.320000	-0.970124
0.326667	-0.970022
0.333333	-0.970022
0.340000	-0.971551
0.346667	-0.970939
0.353333	-0.969716
0.360000	-0.970124
0.366667	-0.969411
0.373333	-0.969615
0.380000	-0.968799
0.386667	-0.971856
0.393333	-0.968799
0.400000	-0.970634
0.406667	-0.968392
0.413333	-0.969716
0.420000	-0.968697
0.426667	-0.970022
0.433333	-0.969105
0.440000	-0.967984
0.446667	-0.967882
0.453333	-0.968086
0.460000	-0.968188
0.466667	-0.965538
0.473333	-0.966557
0.480000	-0.966557
0.486667	-0.966863
0.493333	-0.968494
0.500000	-0.966863
0.506667	-0.964723
0.513333	-0.965640
0.520000	-0.964010
0.526667	-0.966354
0.533333	-0.966048
0.540000	-0.966354
0.546667	-0.965029
0.553333	-0.965131
0.560000	-0.965335
0.566667	-0.966252
0.573333	-0.965946
0.580000	-0.965436
0.586667	-0.966965
0.593333	-0.965029
0.600000	-0.969615
0.606667	-0.963704
0.613333	-0.966965
0.620000	-0.964825
0.626667	-0.967067
0.633333	-0.967169
0.640000	-0.965436
0.646667	-0.966455
0.653333	-0.966252
0.660000	-0.962379
0.666667	-0.965742
0.673333	-0.963908
0.680000	-0.964723
0.686667	-0.964316
0.693333	-0.962277
0.700000	-0.963806
0.706667	-0.961055
0.713333	-0.963500
0.720000	-0.961768
0.726667	-0.963195
0.733333	-0.962379
0.740000	-0.961564
0.746667	-0.960443
0.753333	-0.962889
0.760000	-0.961768
0.766667	-0.962787
0.773333	-0.962379
0.780000	-0.962379
0.786667	-0.964417
0.793333	-0.964316
0.800000	-0.963398
0.806667	-0.962787
0.813333	-0.964214
0.820000	-0.962583
0.826667	-0.962481
0.833333	-0.964417
0.840000	-0.965436
0.846667	-0.963806
0.853333	-0.963398
0.860000	-0.963398
0.866667	-0.961055
0.873333	-0.962787
0.880000	-0.961360
0.886667	-0.961768
0.893333	-0.960341
0.900000	-0.963195
0.906667	-0.961768
0.913333	-0.959832
0.920000	-0.961055
0.926667	-0.961055
0.933333	-0.960341
0.940000	-0.958609
0.946667	-0.959628
0.953333	-0.959220
0.960000	-0.960749
0.966667	-0.959628
0.973333	-0.960953
0.980000	-0.961055
0.986667	-0.961156
0.993333	-0.961156
1.000000	-0.961360
1.006667	-0.960443
1.013333	-0.961768
1.020000	-0.958915
1.026667	-0.962481
1.033333	-0.960443
1.040000	-0.959526
1.046667	-0.960749
1.053333	-0.961258
1.060000	-0.960341
1.066667	-0.961360
1.073333	-0.960137
1.080000	-0.959628
1.086667	-0.959424
1.093333	-0.961462
1.100000	-0.960137
1.106667	-0.960953
1.113333	-0.961055
1.120000	-0.960443
1.126667	-0.960647
1.133333	-0.961870
1.140000	-0.960545
1.146667	-0.960036
1.153333	-0.960851
1.160000	-0.959934
1.166667	-0.959322
1.173333	-0.960749
1.180000	-0.962277
1.186667	-0.960545
1.193333	-0.960647
1.200000	-0.959118
1.206667	-0.960036
1.213333	-0.960851
1.220000	-0.960036
1.226667	-0.960749
1.233333	-0.960545
1.240000	-0.958405
1.246667	-0.959730
1.253333	-0.959628
1.260000	-0.959220
1.266667	-0.961666
1.273333	-0.959526
1.280000	-0.961564
1.286667	-0.959934
1.293333	-0.961258
1.300000	-0.963296
1.306667	-0.961870
1.313333	-0.961360
1.320000	-0.961055
1.326667	-0.963195
1.333333	-0.961666
1.340000	-0.962991
1.346667	-0.964112
1.353333	-0.963500
1.360000	-0.964927
1.366667	-0.963296
1.373333	-0.962379
1.380000	-0.964927
1.386667	-0.962277
1.393333	-0.964723
1.400000	-0.962277
1.406667	-0.962583
1.413333	-0.963398
1.420000	-0.962889
1.426667	-0.961768
1.433333	-0.963500
1.440000	-0.961768
1.446667	-0.962889
1.453333	-0.961156
1.460000	-0.962277
1.466667	-0.960239
1.473333	-0.961768
1.480000	-0.962379
1.486667	-0.961156
1.493333	-0.962074
1.500000	-0.962685
1.506667	-0.964316
1.513333	-0.963908
1.520000	-0.964214
1.526667	-0.964112
1.533333	-0.963908
1.540000	-0.964417
1.546667	-0.964825
1.553333	-0.963093
1.560000	-0.966455
1.566667	-0.967576
1.573333	-0.965538
1.580000	-0.964723
1.586667	-0.966252
1.593333	-0.964927
1.600000	-0.964112
1.606667	-0.966557
1.613333	-0.965946
1.620000	-0.964214
1.626667	-0.966761
1.633333	-0.967169
1.640000	-0.964010
1.646667	-0.964927
1.653333	-0.963806
1.660000	-0.963602
1.666667	-0.963806
1.673333	-0.963500
1.680000	-0.964010
1.686667	-0.963296
1.693333	-0.965029
1.700000	-0.962583
1.706667	-0.963908
1.713333	-0.962787
1.720000	-0.964316
1.726667	-0.964316
1.733333	-0.963908
1.740000	-0.964417
1.746667	-0.964723
1.753333	-0.965640
1.760000	-0.965436
1.766667	-0.963602
1.773333	-0.965436
1.780000	-0.965233
1.786667	-0.966354
1.793333	-0.968086
1.800000	-0.965131
1.806667	-0.962481
1.813333	-0.965538
1.820000	-0.965131
1.826667	-0.965131
1.833333	-0.965538
1.840000	-0.964621
1.846667	-0.966048
1.853333	-0.964723
1.860000	-0.964214
1.866667	-0.964010
1.873333	-0.965640
1.880000	-0.965640
1.886667	-0.965131
1.893333	-0.965335
1.900000	-0.963500
1.906667	-0.963602
1.913333	-0.961768
1.920000	-0.963806
1.926667	-0.965538
1.933333	-0.964621
1.940000	-0.964723
1.946667	-0.961768
1.953333	-0.963704
1.960000	-0.964112
1.966667	-0.962277
1.973333	-0.963195
1.980000	-0.964417
1.986667	-0.963806
1.993333	-0.964316
2.000000	-0.961462
2.006667	-0.964214
2.013333	-0.961360
2.020000	-0.964010
2.026667	-0.963195
2.033333	-0.962991
2.040000	-0.963602
2.046667	-0.962481
2.053333	-0.962685
2.060000	-0.966252
2.066667	-0.964825
2.073333	-0.964417
2.080000	-0.964723
2.086667	-0.965029
2.093333	-0.966354
2.100000	-0.966863
2.106667	-0.965029
2.113333	-0.964825
2.120000	-0.965233
2.126667	-0.963093
2.133333	-0.966557
2.140000	-0.964927
2.146667	-0.964723
2.153333	-0.963093
2.160000	-0.963806
2.166667	-0.964621
2.173333	-0.964825
2.180000	-0.962583
2.186667	-0.962074
2.193333	-0.961870
2.200000	-0.961768
2.206667	-0.962074
2.213333	-0.962277
2.220000	-0.963908
2.226667	-0.963296
2.233333	-0.964112
2.240000	-0.964112
2.246667	-0.964417
2.253333	-0.963093
2.260000	-0.962991
2.266667	-0.964316
2.273333	-0.965233
2.280000	-0.962685
2.286667	-0.964621
2.293333	-0.964825
2.300000	-0.965233
2.306667	-0.966048
2.313333	-0.965538
2.320000	-0.966048
2.326667	-0.965640
2.333333	-0.965029
2.340000	-0.966048
2.346667	-0.964519
2.353333	-0.964519
2.360000	-0.966048
2.366667	-0.964825
2.373333	-0.965335
2.380000	-0.965640
2.386667	-0.964112
2.393333	-0.962481
2.400000	-0.964112
2.406667	-0.964417
2.413333	-0.963398
2.420000	-0.964621
2.426667	-0.962685
2.433333	-0.961972
2.440000	-0.962074
2.446667	-0.962991
2.453333	-0.964621
2.460000	-0.961972
2.466667	-0.962379
2.473333	-0.961768
2.480000	-0.962889
2.486667	-0.962685
2.493333	-0.963602
2.500000	-0.962889
2.506667	-0.964621
2.513333	-0.962583
2.520000	-0.964825
2.526667	-0.964316
2.533333	-0.965640
2.540000	-0.964112
2.546667	-0.963093
2.553333	-0.965946
2.560000	-0.962787
2.566667	-0.965946
2.573333	-0.967373
2.580000	-0.964621
2.586667	-0.966150
2.593333	-0.962583
2.600000	-0.965844
2.606667	-0.963806
2.613333	-0.964112
2.620000	-0.965538
2.626667	-0.964825
2.633333	-0.962991
2.640000	-0.964010
2.646667	-0.963602
2.653333	-0.962583
2.660000	-0.963602
2.666667	-0.964112
2.673333	-0.964316
2.680000	-0.965233
2.686667	-0.963398
2.693333	-0.964825
2.700000	-0.963296
2.706667	-0.964519
2.713333	-0.963602
2.720000	-0.964621
2.726667	-0.963806
2.733333	-0.962685
2.740000	-0.962481
2.746667	-0.964927
2.753333	-0.961564
2.760000	-0.964417
2.766667	-0.962787
2.773333	-0.963806
2.780000	-0.964112
2.786667	-0.966252
2.793333	-0.964214
2.800000	-0.962481
2.806667	-0.964010
2.813333	-0.964417
2.820000	-0.963093
2.826667	-0.963195
2.833333	-0.963398
2.840000	-0.963602
2.846667	-0.964825
2.853333	-0.965233
2.860000	-0.964723
2.866667	-0.964417
2.873333	-0.965436
2.880000	-0.964927
2.886667	-0.965640
2.893333	-0.965335
2.900000	-0.964927
2.906667	-0.962889
2.913333	-0.963806
2.920000	-0.962889
2.926667	-0.963296
2.933333	-0.962583
2.940000	-0.963500
2.946667	-0.964621
2.953333	-0.962991
2.960000	-0.962583
2.966667	-0.961666
2.973333	-0.962787
2.980000	-0.962481
2.986667	-0.961055
2.993333	-0.961360
3.000000	-0.963500
3.006667	-0.963195
3.013333	-0.963908
3.020000	-0.963195
3.026667	-0.966557
3.033333	-0.963908
3.040000	-0.963704
3.046667	-0.963602
3.053333	-0.964214
3.060000	-0.963806
3.066667	-0.964316
3.073333	-0.964417
3.080000	-0.962277
3.086667	-0.963500
3.093333	-0.963806
3.100000	-0.963195
3.106667	-0.964112
3.113333	-0.963093
3.120000	-0.962685
3.126667	-0.964214
3.133333	-0.961462
3.140000	-0.962176
3.146667	-0.964112
3.153333	-0.962379
3.160000	-0.960443
3.166667	-0.961564
3.173333	-0.962176
3.180000	-0.960239
3.186667	-0.961462
3.193333	-0.961972
3.200000	-0.960647
3.206667	-0.962991
3.213333	-0.963093
3.220000	-0.962176
3.226667	-0.961564
3.233333	-0.962379
3.240000	-0.961870
3.246667	-0.962481
3.253333	-0.961258
3.260000	-0.961870
3.266667	-0.960953
3.273333	-0.962583
3.280000	-0.962991
3.286667	-0.961462
3.293333	-0.960851
3.300000	-0.962583
3.306667	-0.959832
3.313333	-0.961972
3.320000	-0.963602
3.326667	-0.960953
3.333333	-0.963093
3.340000	-0.962685
3.346667	-0.961564
3.353333	-0.961666
3.360000	-0.962379
3.366667	-0.962889
3.373333	-0.962176
3.380000	-0.962481
3.386667	-0.964214
3.393333	-0.961768
3.400000	-0.960851
3.406667	-0.961462
3.413333	-0.958609
3.420000	-0.962685
3.426667	-0.962583
3.433333	-0.961360
3.440000	-0.959526
3.446667	-0.960137
3.453333	-0.961156
3.460000	-0.961055
3.466667	-0.959322
3.473333	-0.959526
3.480000	-0.958303
3.486667	-0.958099
3.493333	-0.962074
3.500000	-0.959934
3.506667	-0.960341
3.513333	-0.959118
3.520000	-0.960036
3.526667	-0.960443
3.533333	-0.960749
3.540000	-0.960545
3.546667	-0.958915
3.553333	-0.959526
3.560000	-0.960036
3.566667	-0.960341
3.573333	-0.961462
3.580000	-0.958099
3.586667	-0.960545
3.593333	-0.960851
3.600000	-0.960443
3.606667	-0.961156
3.613333	-0.958915
3.620000	-0.960545
3.626667	-0.959730
3.633333	-0.956877
3.640000	-0.957182
3.646667	-0.957488
3.653333	-0.956265
3.660000	-0.955959
3.666667	-0.955552
3.673333	-0.954431
3.680000	-0.956978
3.686667	-0.956265
3.693333	-0.955144
3.700000	-0.953921
3.706667	-0.955042
3.713333	-0.954635
3.720000	-0.953208
3.726667	-0.954737
3.733333	-0.954635
3.740000	-0.951679
3.746667	-0.951068
3.753333	-0.951170
3.760000	-0.954635
3.766667	-0.951985
3.773333	-0.951985
3.780000	-0.951476
3.786667	-0.950253
3.793333	-0.951476
3.800000	-0.951578
3.806667	-0.954227
3.813333	-0.951272
3.820000	-0.948724
3.826667	-0.950151
3.833333	-0.950457
3.840000	-0.950049
3.846667	-0.951578
3.853333	-0.950660
3.860000	-0.949438
3.866667	-0.950864
3.873333	-0.949947
3.880000	-0.948928
3.886667	-0.948113
3.893333	-0.951170
3.900000	-0.950966
3.906667	-0.950355
3.913333	-0.950355
3.920000	-0.948113
3.926667	-0.951068
3.933333	-0.951476
3.940000	-0.950049
3.946667	-0.951781
3.953333	-0.947501
3.960000	-0.947501
3.966667	-0.948928
3.973333	-0.948520
3.980000	-0.946890
3.986667	-0.948520
3.993333	-0.948011
4.000000	-0.950151
4.006667	-0.950864
4.013333	-0.952495
4.020000	-0.949336
4.026667	-0.951679
4.033333	-0.950457
4.040000	-0.954329
4.046667	-0.952800
4.053333	-0.951883
4.060000	-0.954533
4.066667	-0.955144
4.073333	-0.956367
4.080000	-0.957182
4.086667	-0.958201
4.093333	-0.959118
4.100000	-0.961564
4.106667	-0.962583
4.113333	-0.965640
4.120000	-0.964214
4.126667	-0.965946
4.133333	-0.965640
4.140000	-0.968494
4.146667	-0.970124
4.153333	-0.971958
4.160000	-0.974302
4.166667	-0.973283
4.173333	-0.973181
4.180000	-0.974200
4.186667	-0.978073
4.193333	-0.979295
4.200000	-0.978684
4.206667	-0.982964
4.213333	-0.986836
4.220000	-0.986429
4.226667	-0.989791
4.233333	-0.993970
4.240000	-0.995804
4.246667	-0.995396
4.253333	-0.999880
4.260000	-1.002733
4.266667	-1.005281
4.273333	-1.007421
4.280000	-1.011191
4.286667	-1.015777
4.293333	-1.019344
4.300000	-1.020159
4.306667	-1.021789
4.313333	-1.025254
4.320000	-1.030349
4.326667	-1.031776
4.333333	-1.034629
4.340000	-1.039826
4.346667	-1.042170
4.353333	-1.044004
4.360000	-1.047469
4.366667	-1.047469
4.373333	-1.052666
4.380000	-1.055418
4.386667	-1.055418
4.393333	-1.059697
4.400000	-1.059494
4.406667	-1.065200
4.413333	-1.068257
4.420000	-1.069990
4.426667	-1.070703
4.433333	-1.071926
4.440000	-1.073760
4.446667	-1.074575
4.453333	-1.077938
4.460000	-1.074474
4.466667	-1.078448
4.473333	-1.077327
4.480000	-1.079059
4.486667	-1.078142
4.493333	-1.078753
4.500000	-1.079161
4.506667	-1.074881
4.513333	-1.076206
4.520000	-1.073454
4.526667	-1.071926
4.533333	-1.067035
4.540000	-1.065200
4.546667	-1.062653
4.553333	-1.058169
4.560000	-1.054195
4.566667	-1.053278
4.573333	-1.049405
4.580000	-1.047673
4.586667	-1.043495
4.593333	-1.038094
4.600000	-1.033916
4.606667	-1.026477
4.613333	-1.018834
4.620000	-1.010274
4.626667	-1.005587
4.633333	-1.001714
4.640000	-0.995294
4.646667	-0.988467
4.653333	-0.979092
4.660000	-0.970226
4.666667	-0.963806
4.673333	-0.955246
4.680000	-0.945769
4.686667	-0.939349
4.693333	-0.931502
4.700000	-0.926917
4.706667	-0.920904
4.713333	-0.915402
4.720000	-0.910001
4.726667	-0.900829
4.733333	-0.895123
4.740000	-0.883200
4.746667	-0.875048
4.753333	-0.871074
4.760000	-0.859660
4.766667	-0.851712
4.773333	-0.842642
4.780000	-0.837955
4.786667	-0.832860
4.793333	-0.825217
4.800000	-0.818287
4.806667	-0.813294
4.813333	-0.809422
4.820000	-0.807078
4.826667	-0.806263
4.833333	-0.803206
4.840000	-0.801269
4.846667	-0.798212
4.853333	-0.796582
4.860000	-0.798008
4.866667	-0.796888
4.873333	-0.797397
4.880000	-0.795767
4.886667	-0.793932
4.893333	-0.796072
4.900000	-0.796989
4.906667	-0.799741
4.913333	-0.800454
4.920000	-0.803002
4.926667	-0.806059
4.933333	-0.811256
4.940000	-0.813396
4.946667	-0.817676
4.953333	-0.819408
4.960000	-0.826338
4.966667	-0.827764
4.973333	-0.831331
4.980000	-0.833675
4.986667	-0.839381
4.993333	-0.841114
5.000000	-0.847228
5.006667	-0.850998
5.013333	-0.858743
5.020000	-0.865163
5.026667	-0.873621
5.033333	-0.878411
5.040000	-0.883811
5.046667	-0.886971
5.053333	-0.895021
5.060000	-0.901747
5.066667	-0.908982
5.073333	-0.916726
5.080000	-0.921312
5.086667	-0.927732
5.093333	-0.932827
5.100000	-0.932929
5.106667	-0.935579
5.113333	-0.943731
5.120000	-0.949030
5.126667	-0.953106
5.133333	-0.955756
5.140000	-0.962685
5.146667	-0.968188
5.153333	-0.973894
5.160000	-0.976544
5.166667	-0.979193
5.173333	-0.986021
5.180000	-0.990301
5.186667	-0.991524
5.193333	-0.997129
5.200000	-0.999269
5.206667	-1.003243
5.213333	-1.005892
5.220000	-1.009255
5.226667	-1.013535
5.233333	-1.013026
5.240000	-1.014656
5.246667	-1.015573
5.253333	-1.017000
5.260000	-1.018121
5.266667	-1.021076
5.273333	-1.025356
5.280000	-1.026069
5.286667	-1.028107
5.293333	-1.027700
5.300000	-1.027190
5.306667	-1.030859
5.313333	-1.028719
5.320000	-1.029228
5.326667	-1.028821
5.333333	-1.029636
5.340000	-1.029738
5.346667	-1.030349
5.353333	-1.028719
5.360000	-1.029330
5.366667	-1.027394
5.373333	-1.028209
5.380000	-1.025356
5.386667	-1.025458
5.393333	-1.024337
5.400000	-1.024031
5.406667	-1.024439
5.413333	-1.023318
5.420000	-1.021382
5.426667	-1.021891
5.433333	-1.019038
5.440000	-1.017407
5.446667	-1.015471
5.453333	-1.015675
5.460000	-1.012006
5.466667	-1.011089
5.473333	-1.010274
5.480000	-1.008032
5.486667	-1.005790
5.493333	-1.006096
5.500000	-1.005485
5.506667	-1.003854
5.513333	-1.004160
5.520000	-1.002326
5.526667	-1.003650
5.533333	-1.001103
5.540000	-0.999778
5.546667	-0.998453
5.553333	-0.996415
5.560000	-0.996925
5.566667	-0.996109
5.573333	-0.995702
5.580000	-0.994173
5.586667	-0.992441
5.593333	-0.991218
5.600000	-0.992747
5.606667	-0.988976
5.613333	-0.989180
5.620000	-0.987448
5.626667	-0.988059
5.633333	-0.986938
5.640000	-0.987040
5.646667	-0.985817
5.653333	-0.984289
5.660000	-0.985511
5.666667	-0.984085
5.673333	-0.981537
5.680000	-0.979805
5.686667	-0.976850
5.693333	-0.976340
5.700000	-0.975831
5.706667	-0.972060
5.713333	-0.971245
5.720000	-0.971143
5.726667	-0.970226
5.733333	-0.966863
5.740000	-0.967576
5.746667	-0.963704
5.753333	-0.963398
5.760000	-0.962481
5.766667	-0.962074
5.773333	-0.960851
5.780000	-0.958711
5.786667	-0.958711
5.793333	-0.957997
5.800000	-0.956163
5.806667	-0.955042
5.813333	-0.952189
5.820000	-0.953412
5.826667	-0.950049
5.833333	-0.952495
5.840000	-0.948622
5.846667	-0.947094
5.853333	-0.946788
5.860000	-0.947298
5.866667	-0.944546
5.873333	-0.942406
5.880000	-0.942202
5.886667	-0.941387
5.893333	-0.942406
5.900000	-0.942202
5.906667	-0.938432
5.913333	-0.940164
5.920000	-0.939145
5.926667	-0.937209
5.933333	-0.935171
5.940000	-0.935171
5.946667	-0.937005
5.953333	-0.936088
5.960000	-0.932827
5.966667	-0.935375
5.973333	-0.933744
5.980000	-0.934254
5.986667	-0.932318
5.993333	-0.933744
6.000000	-0.932522
6.006667	-0.932929
6.013333	-0.934254
6.020000	-0.932929
6.026667	-0.931401
6.033333	-0.932012
6.040000	-0.932623
6.046667	-0.932929
6.053333	-0.931197
6.060000	-0.931910
6.066667	-0.933235
6.073333	-0.932522
6.080000	-0.929464
6.086667	-0.932012
6.093333	-0.932725
6.100000	-0.933541
6.106667	-0.933337
6.113333	-0.935477
6.120000	-0.935375
6.126667	-0.935986
6.133333	-0.936700
6.140000	-0.937107
6.146667	-0.940572
6.153333	-0.941591
6.160000	-0.942610
6.166667	-0.941387
6.173333	-0.942814
6.180000	-0.947399
6.186667	-0.945056
6.193333	-0.946279
6.200000	-0.948826
6.206667	-0.947196
6.213333	-0.950253
6.220000	-0.952291
6.226667	-0.951068
6.233333	-0.951578
6.240000	-0.953514
6.246667	-0.954635
6.253333	-0.957284
6.260000	-0.957997
6.266667	-0.956571
6.273333	-0.957997
6.280000	-0.958405
6.286667	-0.958099
6.293333	-0.960036
6.300000	-0.958303
6.306667	-0.957284
6.313333	-0.959832
6.320000	-0.960443
6.326667	-0.959118
6.333333	-0.960341
6.340000	-0.962379
6.346667	-0.964417
6.353333	-0.965436
6.360000	-0.966455
6.366667	-0.967678
6.373333	-0.967475
6.380000	-0.970226
6.386667	-0.971551
6.393333	-0.970532
6.400000	-0.972264
6.406667	-0.971754
6.413333	-0.974302
6.420000	-0.975117
6.426667	-0.977053
6.433333	-0.977461
6.440000	-0.979092
6.446667	-0.977155
6.453333	-0.979907
6.460000	-0.983473
6.466667	-0.980314
6.473333	-0.982454
6.480000	-0.981945
6.486667	-0.981741
6.493333	-0.982964
6.500000	-0.986021
6.506667	-0.986734
6.513333	-0.986429
6.520000	-0.984391
6.526667	-0.987244
6.533333	-0.988263
6.540000	-0.985002
6.546667	-0.987550
6.553333	-0.987142
6.560000	-0.988263
6.566667	-0.989282
6.573333	-0.988467
6.580000	-0.986123
6.586667	-0.989893
6.593333	-0.988976
6.600000	-0.988365
6.606667	-0.989690
6.613333	-0.989995
6.620000	-0.986327
6.626667	-0.988467
6.633333	-0.986021
6.640000	-0.986123
6.646667	-0.987040
6.653333	-0.987651
6.660000	-0.986531
6.666667	-0.985002
6.673333	-0.986225
6.680000	-0.982862
6.686667	-0.983677
6.693333	-0.982149
6.700000	-0.983677
6.706667	-0.979805
6.713333	-0.980416
6.720000	-0.979703
6.726667	-0.981028
6.733333	-0.981945
6.740000	-0.978684
6.746667	-0.978276
6.753333	-0.977563
6.760000	-0.978073
6.766667	-0.978990
6.773333	-0.975933
6.780000	-0.974506
6.786667	-0.975627
6.793333	-0.973283
6.800000	-0.971958
6.806667	-0.973793
6.813333	-0.969513
6.820000	-0.970430
6.826667	-0.969105
6.833333	-0.968494
6.840000	-0.967882
6.846667	-0.968494
6.853333	-0.967780
6.860000	-0.965436
6.866667	-0.964417
6.873333	-0.963704
6.880000	-0.960953
6.886667	-0.960545
6.893333	-0.961564
6.900000	-0.958609
6.906667	-0.957182
6.913333	-0.958609
6.920000	-0.957692
6.926667	-0.959322
6.933333	-0.955450
6.940000	-0.954635
6.946667	-0.954635
6.953333	-0.956978
6.960000	-0.955246
6.966667	-0.956163
6.973333	-0.956163
6.980000	-0.955857
6.986667	-0.954431
6.993333	-0.955246
7.000000	-0.957794
7.006667	-0.953718
7.013333	-0.953921
7.020000	-0.954940
7.026667	-0.955857
7.033333	-0.954431
7.040000	-0.955144
7.046667	-0.955552
7.053333	-0.953004
7.060000	-0.955552
7.066667	-0.954431
7.073333	-0.952902
7.080000	-0.954635
7.086667	-0.953004
7.093333	-0.952087
7.100000	-0.952087
7.106667	-0.952698
7.113333	-0.951476
7.120000	-0.951068
7.126667	-0.951374
7.133333	-0.952902
7.140000	-0.953310
7.146667	-0.950762
7.153333	-0.952291
7.160000	-0.951170
7.166667	-0.952902
7.173333	-0.953412
7.180000	-0.951985
7.186667	-0.952902
7.193333	-0.954635
7.200000	-0.953921
7.206667	-0.954533
7.213333	-0.953718
7.220000	-0.952393
7.226667	-0.950049
7.233333	-0.954838
7.240000	-0.956163
7.246667	-0.955552
7.253333	-0.955246
7.260000	-0.954431
7.266667	-0.955042
7.273333	-0.952495
7.280000	-0.954533
7.286667	-0.956163
7.293333	-0.954533
7.300000	-0.954533
7.306667	-0.952495
7.313333	-0.954635
7.320000	-0.955144
7.326667	-0.954533
7.333333	-0.955552
7.340000	-0.954838
7.346667	-0.952698
7.353333	-0.953718
7.360000	-0.954533
7.366667	-0.953616
7.373333	-0.955959
7.380000	-0.954737
7.386667	-0.955959
7.393333	-0.955857
7.400000	-0.954635
7.406667	-0.955857
7.413333	-0.955959
7.420000	-0.956265
7.426667	-0.955246
7.433333	-0.955654
7.440000	-0.958609
7.446667	-0.957080
7.453333	-0.958405
7.460000	-0.956775
7.466667	-0.958915
7.473333	-0.956978
7.480000	-0.958813
7.486667	-0.958405
7.493333	-0.959730
7.500000	-0.958813
7.506667	-0.959934
7.513333	-0.960036
7.520000	-0.961666
7.526667	-0.960341
7.533333	-0.962583
7.540000	-0.962379
7.546667	-0.962787
7.553333	-0.961258
7.560000	-0.960443
7.566667	-0.961564
7.573333	-0.964723
7.580000	-0.962379
7.586667	-0.964112
7.593333	-0.964417
7.600000	-0.964519
7.606667	-0.963500
7.613333	-0.965335
7.620000	-0.964519
7.626667	-0.965538
7.633333	-0.965436
7.640000	-0.965335
7.646667	-0.966048
7.653333	-0.965538
7.660000	-0.966557
7.666667	-0.965335
7.673333	-0.967271
7.680000	-0.968799
7.686667	-0.968595
7.693333	-0.968290
7.700000	-0.968697
7.706667	-0.968188
7.713333	-0.971041
7.720000	-0.969411
7.726667	-0.972366
7.733333	-0.969003
7.740000	-0.969309
7.746667	-0.971754
7.753333	-0.973691
7.760000	-0.972875
7.766667	-0.973079
7.773333	-0.972468
7.780000	-0.973589
7.786667	-0.975015
7.793333	-0.972977
7.800000	-0.973079
7.806667	-0.970226
7.813333	-0.973283
7.820000	-0.974098
7.826667	-0.969615
7.833333	-0.972366
7.840000	-0.969411
7.846667	-0.967169
7.853333	-0.967780
7.860000	-0.969513
7.866667	-0.968188
7.873333	-0.969003
7.880000	-0.968188
7.886667	-0.966761
7.893333	-0.967984
7.900000	-0.964316
7.906667	-0.966557
7.913333	-0.965029
7.920000	-0.967678
7.926667	-0.967576
7.933333	-0.967067
7.940000	-0.965844
7.946667	-0.967169
7.953333	-0.965233
7.960000	-0.965131
7.966667	-0.966965
7.973333	-0.965844
7.980000	-0.966965
7.986667	-0.963806
7.993333	-0.965233
8.000000	-0.964417
8.006667	-0.962991
8.013333	-0.963908
8.020000	-0.962685
8.026667	-0.963704
8.033333	-0.961666
8.040000	-0.964214
8.046667	-0.962176
8.053333	-0.961768
8.060000	-0.963704
8.066667	-0.960443
8.073333	-0.961564
8.080000	-0.959628
8.086667	-0.960341
8.093333	-0.960137
8.100000	-0.961258
8.106667	-0.959730
8.113333	-0.961055
8.120000	-0.960137
8.126667	-0.959628
8.133333	-0.958711
8.140000	-0.959934
8.146667	-0.960443
8.153333	-0.957488
8.160000	-0.961564
8.166667	-0.961462
8.173333	-0.960749
8.180000	-0.961258
8.186667	-0.963296
8.193333	-0.963602
8.200000	-0.961870
8.206667	-0.962583
8.213333	-0.962889
8.220000	-0.961666
8.226667	-0.962991
8.233333	-0.963195
8.240000	-0.962277
8.246667	-0.963500
8.253333	-0.962583
8.260000	-0.964316
8.266667	-0.965029
8.273333	-0.963806
8.280000	-0.962685
8.286667	-0.964010
8.293333	-0.965436
8.300000	-0.964417
8.306667	-0.966863
8.313333	-0.964316
8.320000	-0.965131
8.326667	-0.965233
8.333333	-0.964723
8.340000	-0.966557
8.346667	-0.965538
8.353333	-0.962481
8.360000	-0.965640
8.366667	-0.967169
8.373333	-0.964010
8.380000	-0.965335
8.386667	-0.965029
8.393333	-0.965844
8.400000	-0.965131
8.406667	-0.965946
8.413333	-0.969615
8.420000	-0.966048
8.426667	-0.965640
8.433333	-0.966761
8.440000	-0.966048
8.446667	-0.966761
8.453333	-0.966659
8.460000	-0.966354
8.466667	-0.968799
8.473333	-0.965335
8.480000	-0.966354
8.486667	-0.968290
8.493333	-0.963806
8.500000	-0.966863
8.506667	-0.965640
8.513333	-0.967984
8.520000	-0.964723
8.526667	-0.965844
8.533333	-0.963806
8.540000	-0.965844
8.546667	-0.964825
8.553333	-0.962991
8.560000	-0.962889
8.566667	-0.962991
8.573333	-0.963093
8.580000	-0.961564
8.586667	-0.962176
8.593333	-0.962176
8.600000	-0.959220
8.606667	-0.959526
8.613333	-0.960036
8.620000	-0.958099
8.626667	-0.957794
8.633333	-0.958201
8.640000	-0.957386
8.646667	-0.956469
8.653333	-0.958201
8.660000	-0.954940
8.666667	-0.957794
8.673333	-0.956978
8.680000	-0.957284
8.686667	-0.957590
8.693333	-0.958711
8.700000	-0.957590
8.706667	-0.958099
8.713333	-0.958915
8.720000	-0.958711
8.726667	-0.957182
8.733333	-0.959220
8.740000	-0.959832
8.746667	-0.958915
8.753333	-0.957794
8.760000	-0.958711
8.766667	-0.959628
8.773333	-0.958915
8.780000	-0.960137
8.786667	-0.957794
8.793333	-0.960443
8.800000	-0.957896
8.806667	-0.958507
8.813333	-0.959934
8.820000	-0.961666
8.826667	-0.960443
8.833333	-0.959832
8.840000	-0.958099
8.846667	-0.960647
8.853333	-0.959017
8.860000	-0.961768
8.866667	-0.961462
8.873333	-0.961564
8.880000	-0.962787
8.886667	-0.962991
8.893333	-0.962787
8.900000	-0.963093
8.906667	-0.965436
8.913333	-0.964112
8.920000	-0.964723
8.926667	-0.965335
8.933333	-0.967373
8.940000	-0.966659
8.946667	-0.968595
8.953333	-0.968901
8.960000	-0.968595
8.966667	-0.967780
8.973333	-0.970328
8.980000	-0.968188
8.986667	-0.968901
8.993333	-0.968901
9.000000	-0.968392
9.006667	-0.968392
9.013333	-0.969920
9.020000	-0.969920
9.026667	-0.971041
9.033333	-0.970022
9.040000	-0.970124
9.046667	-0.967780
9.053333	-0.969003
9.060000	-0.968595
9.066667	-0.970735
9.073333	-0.968799
9.080000	-0.969513
9.086667	-0.968595
9.093333	-0.968697
9.100000	-0.969411
9.106667	-0.968697
9.113333	-0.968697
9.120000	-0.969513
9.126667	-0.968392
9.133333	-0.967780
9.140000	-0.966557
9.146667	-0.966863
9.153333	-0.965844
9.160000	-0.966048
9.166667	-0.964723
9.173333	-0.963806
9.180000	-0.964927
9.186667	-0.964825
9.193333	-0.964112
9.200000	-0.965538
9.206667	-0.962889
9.213333	-0.963704
9.220000	-0.964112
9.226667	-0.966455
9.233333	-0.965335
9.240000	-0.966965
9.246667	-0.966455
9.253333	-0.964825
9.260000	-0.964825
9.266667	-0.964112
9.273333	-0.964519
9.280000	-0.965233
9.286667	-0.963093
9.293333	-0.964519
9.300000	-0.963602
9.306667	-0.962991
9.313333	-0.964010
9.320000	-0.961870
9.326667	-0.960851
9.333333	-0.960443
9.340000	-0.961055
9.346667	-0.961768
9.353333	-0.960443
9.360000	-0.961564
9.366667	-0.959730
9.373333	-0.960647
9.380000	-0.960239
9.386667	-0.959424
9.393333	-0.959730
9.400000	-0.959118
9.406667	-0.959220
9.413333	-0.959424
9.420000	-0.959934
9.426667	-0.961156
9.433333	-0.958405
9.440000	-0.962685
9.446667	-0.961768
9.453333	-0.961156
9.460000	-0.961156
9.466667	-0.962176
9.473333	-0.960851
9.480000	-0.960545
9.486667	-0.961768
9.493333	-0.961972
9.500000	-0.962074
9.506667	-0.960239
9.513333	-0.962583
9.520000	-0.960851
9.526667	-0.961972
9.533333	-0.963398
9.540000	-0.961564
9.546667	-0.960443
9.553333	-0.961972
9.560000	-0.961666
9.566667	-0.960137
9.573333	-0.960137
9.580000	-0.960443
9.586667	-0.961462
9.593333	-0.958915
9.600000	-0.960036
9.606667	-0.960036
9.613333	-0.959628
9.620000	-0.959934
9.626667	-0.958915
9.633333	-0.959017
9.640000	-0.960443
9.646667	-0.959832
9.653333	-0.960545
9.660000	-0.960239
9.666667	-0.959730
9.673333	-0.960137
9.680000	-0.961156
9.686667	-0.960443
9.693333	-0.959017
9.700000	-0.960137
9.706667	-0.960341
9.713333	-0.958405
9.720000	-0.960036
9.726667	-0.961055
9.733333	-0.959526
9.740000	-0.960137
9.746667	-0.960239
9.753333	-0.958609
9.760000	-0.959220
9.766667	-0.960953
9.773333	-0.961055
9.780000	-0.960036
9.786667	-0.958099
9.793333	-0.959628
9.800000	-0.960239
9.806667	-0.959424
9.813333	-0.959832
9.820000	-0.959934
9.826667	-0.959934
9.833333	-0.959322
9.840000	-0.959118
9.846667	-0.960851
9.853333	-0.958813
9.860000	-0.959526
9.866667	-0.959220
9.873333	-0.959526
9.880000	-0.955959
9.886667	-0.958405
9.893333	-0.955959
9.900000	-0.959424
9.906667	-0.956061
9.913333	-0.956978
9.920000	-0.958099
9.926667	-0.955756
9.933333	-0.953819
9.940000	-0.958813
9.946667	-0.957386
9.953333	-0.957182
9.960000	-0.957284
9.966667	-0.956571
9.973333	-0.958201
9.980000	-0.958405
9.986667	-0.959322
9.993333	-0.957896
10.000000	-0.959934
10.006667	-0.958507
10.013333	-0.959934
10.020000	-0.959730
10.026667	-0.960647
10.033333	-0.961258
10.040000	-0.960545
10.046667	-0.961360
10.053333	-0.961360
10.060000	-0.961462
10.066667	-0.961768
10.073333	-0.959934
10.080000	-0.963602
10.086667	-0.961666
10.093333	-0.961055
10.100000	-0.962991
10.106667	-0.959934
10.113333	-0.961870
10.120000	-0.961462
10.126667	-0.959118
10.133333	-0.961156
10.140000	-0.962074
10.146667	-0.960647
10.153333	-0.963806
10.160000	-0.960443
10.166667	-0.962991
10.173333	-0.963195
10.180000	-0.961156
10.186667	-0.963093
10.193333	-0.964214
10.200000	-0.961258
10.206667	-0.964519
10.213333	-0.962074
10.220000	-0.963602
10.226667	-0.962379
10.233333	-0.966354
10.240000	-0.965233
10.246667	-0.963806
10.253333	-0.964723
10.260000	-0.963195
10.266667	-0.964519
10.273333	-0.964112
10.280000	-0.962074
10.286667	-0.964316
10.293333	-0.964010
10.300000	-0.965436
10.306667	-0.965233
10.313333	-0.964825
10.320000	-0.965335
10.326667	-0.963602
10.333333	-0.965029
10.340000	-0.963908
10.346667	-0.965335
10.353333	-0.965335
10.360000	-0.965131
10.366667	-0.965946
10.373333	-0.964927
10.380000	-0.966252
10.386667	-0.966354
10.393333	-0.967475
10.400000	-0.965538
10.406667	-0.968697
10.413333	-0.968697
10.420000	-0.971551
10.426667	-0.969309
10.433333	-0.970328
10.440000	-0.970634
10.446667	-0.970430
10.453333	-0.971041
10.460000	-0.971958
10.466667	-0.975627
10.473333	-0.976646
10.480000	-0.973691
10.486667	-0.975015
10.493333	-0.975627
10.500000	-0.980009
10.506667	-0.977971
10.513333	-0.978378
10.520000	-0.980824
10.526667	-0.982658
10.533333	-0.982964
10.540000	-0.984391
10.546667	-0.985002
10.553333	-0.985817
10.560000	-0.985715
10.566667	-0.987142
10.573333	-0.988467
10.580000	-0.988569
10.586667	-0.986836
10.593333	-0.991524
10.600000	-0.990810
10.606667	-0.991728
10.613333	-0.991116
10.620000	-0.991116
10.626667	-0.993562
10.633333	-0.992645
10.640000	-0.995090
10.646667	-0.995090
10.653333	-0.992441
10.660000	-0.994581
10.666667	-0.994887
10.673333	-0.994683
10.680000	-0.994479
10.686667	-0.995192
10.693333	-0.994683
10.700000	-0.994173
10.706667	-0.994377
10.713333	-0.993256
10.720000	-0.993358
10.726667	-0.993664
10.733333	-0.992645
10.740000	-0.992747
10.746667	-0.991931
10.753333	-0.991422
10.760000	-0.990709
10.766667	-0.989180
10.773333	-0.986429
10.780000	-0.987346
10.786667	-0.986225
10.793333	-0.984492
10.800000	-0.981741
10.806667	-0.979092
10.813333	-0.978174
10.820000	-0.977563
10.826667	-0.976034
10.833333	-0.975933
10.840000	-0.973996
10.846667	-0.970939
10.853333	-0.971041
10.860000	-0.967067
10.866667	-0.966761
10.873333	-0.965131
10.880000	-0.961055
10.886667	-0.957794
10.893333	-0.954329
10.900000	-0.955450
10.906667	-0.950151
10.913333	-0.948724
10.920000	-0.944444
10.926667	-0.939859
10.933333	-0.937209
10.940000	-0.934152
10.946667	-0.934661
10.953333	-0.932725
10.960000	-0.931299
10.966667	-0.930280
10.973333	-0.929362
10.980000	-0.926509
10.986667	-0.927019
10.993333	-0.923452
11.000000	-0.923656
11.006667	-0.921822
11.013333	-0.920089
11.020000	-0.920293
11.026667	-0.919478
11.033333	-0.919682
11.040000	-0.918561
11.046667	-0.918561
11.053333	-0.917440
11.060000	-0.917032
11.066667	-0.915605
11.073333	-0.918663
11.080000	-0.917644
11.086667	-0.918866
11.093333	-0.917440
11.100000	-0.919987
11.106667	-0.919580
11.113333	-0.920191
11.120000	-0.918866
11.126667	-0.922433
11.133333	-0.921210
11.140000	-0.922943
11.146667	-0.924879
11.153333	-0.926815
11.160000	-0.925898
11.166667	-0.928445
11.173333	-0.930483
11.180000	-0.931401
11.186667	-0.933235
11.193333	-0.934152
11.200000	-0.936903
11.206667	-0.940368
11.213333	-0.940572
11.220000	-0.942202
11.226667	-0.945361
11.233333	-0.943629
11.240000	-0.945667
11.246667	-0.946788
11.253333	-0.950355
11.260000	-0.948928
11.266667	-0.951374
11.273333	-0.953412
11.280000	-0.958099
11.286667	-0.957794
11.293333	-0.958405
11.300000	-0.959118
11.306667	-0.960647
11.313333	-0.962889
11.320000	-0.963908
11.326667	-0.962991
11.333333	-0.965742
11.340000	-0.967882
11.346667	-0.968697
11.353333	-0.968494
11.360000	-0.970022
11.366667	-0.970430
11.373333	-0.971754
11.380000	-0.972774
11.386667	-0.971856
11.393333	-0.972570
11.400000	-0.973589
11.406667	-0.974812
11.413333	-0.973793
11.420000	-0.977053
11.426667	-0.975015
11.433333	-0.976748
11.440000	-0.977971
11.446667	-0.977971
11.453333	-0.974914
11.460000	-0.978786
11.466667	-0.976952
11.473333	-0.977461
11.480000	-0.976340
11.486667	-0.977359
11.493333	-0.977869
11.500000	-0.976544
11.506667	-0.976646
11.513333	-0.976340
11.520000	-0.977053
11.526667	-0.976238
11.533333	-0.978888
11.540000	-0.975525
11.546667	-0.976952
11.553333	-0.977461
11.560000	-0.977359
11.566667	-0.979295
11.573333	-0.976850
11.580000	-0.977767
11.586667	-0.976748
11.593333	-0.975933
11.600000	-0.975219
11.606667	-0.976034
11.613333	-0.974914
11.620000	-0.974812
11.626667	-0.974710
11.633333	-0.972366
11.640000	-0.973793
11.646667	-0.971041
11.653333	-0.972774
11.660000	-0.972060
11.666667	-0.970837
11.673333	-0.969615
11.680000	-0.970226
11.686667	-0.968494
11.693333	-0.968086
11.700000	-0.968799
11.706667	-0.966965
11.713333	-0.968290
11.720000	-0.968392
11.726667	-0.969003
11.733333	-0.965335
11.740000	-0.966761
11.746667	-0.964825
11.753333	-0.966048
11.760000	-0.966557
11.766667	-0.965946
11.773333	-0.966354
11.780000	-0.967576
11.786667	-0.965640
11.793333	-0.968086
11.800000	-0.965335
11.806667	-0.968901
11.813333	-0.966455
11.820000	-0.968290
11.826667	-0.966761
11.833333	-0.965233
11.840000	-0.966863
11.846667	-0.965844
11.853333	-0.964825
11.860000	-0.964927
11.866667	-0.967475
11.873333	-0.968086
11.880000	-0.967780
11.886667	-0.965742
11.893333	-0.964316
11.900000	-0.963704
11.906667	-0.964316
11.913333	-0.964519
11.920000	-0.964723
11.926667	-0.963093
11.933333	-0.964417
11.940000	-0.962379
11.946667	-0.963093
11.953333	-0.963806
11.960000	-0.963602
11.966667	-0.962481
11.973333	-0.963195
11.980000	-0.960851
11.986667	-0.962277
11.993333	-0.961870
12.000000	-0.961768
12.006667	-0.959424
12.013333	-0.963296
12.020000	-0.960953
12.026667	-0.959730
12.033333	-0.959934
12.040000	-0.961972
12.046667	-0.962379
12.053333	-0.959424
12.060000	-0.960137
12.066667	-0.960239
12.073333	-0.958405
12.080000	-0.959934
12.086667	-0.960239
12.093333	-0.959118
12.100000	-0.959526
12.106667	-0.956978
12.113333	-0.959017
12.120000	-0.958915
12.126667	-0.957692
12.133333	-0.956061
12.140000	-0.958303
12.146667	-0.956367
12.153333	-0.957488
12.160000	-0.956163
12.166667	-0.955959
12.173333	-0.957182
12.180000	-0.956163
12.186667	-0.956877
12.193333	-0.955042
12.200000	-0.956571
12.206667	-0.957080
12.213333	-0.954329
12.220000	-0.954737
12.226667	-0.955552
12.233333	-0.954125
12.240000	-0.955042
12.246667	-0.954125
12.253333	-0.953208
12.260000	-0.954023
12.266667	-0.954737
12.273333	-0.954533
12.280000	-0.955959
12.286667	-0.955654
12.293333	-0.955959
12.300000	-0.956061
12.306667	-0.954635
12.313333	-0.955450
12.320000	-0.957080
12.326667	-0.959017
12.333333	-0.957488
12.340000	-0.960953
12.346667	-0.958303
12.353333	-0.959220
12.360000	-0.959628
12.366667	-0.959017
12.373333	-0.958813
12.380000	-0.961462
12.386667	-0.961156
12.393333	-0.963195
12.400000	-0.962991
12.406667	-0.962787
12.413333	-0.962583
12.420000	-0.963398
12.426667	-0.963500
12.433333	-0.962176
12.440000	-0.963093
12.446667	-0.963296
12.453333	-0.963704
12.460000	-0.960749
12.466667	-0.962889
12.473333	-0.962889
12.480000	-0.962583
12.486667	-0.961462
12.493333	-0.962481
12.500000	-0.963602
12.506667	-0.961870
12.513333	-0.962481
12.520000	-0.964316
12.526667	-0.963602
12.533333	-0.964417
12.540000	-0.965233
12.546667	-0.965029
12.553333	-0.964621
12.560000	-0.966354
12.566667	-0.967169
12.573333	-0.967169
12.580000	-0.967576
12.586667	-0.966252
12.593333	-0.968901
12.600000	-0.968392
12.606667	-0.970939
12.613333	-0.968697
12.620000	-0.969818
12.626667	-0.970226
12.633333	-0.970328
12.640000	-0.969920
12.646667	-0.970735
12.653333	-0.970735
12.660000	-0.971856
12.666667	-0.969513
12.673333	-0.971041
12.680000	-0.972977
12.686667	-0.970328
12.693333	-0.971551
12.700000	-0.971041
12.706667	-0.973589
12.713333	-0.969920
12.720000	-0.970634
12.726667	-0.973385
12.733333	-0.971856
12.740000	-0.971143
12.746667	-0.972468
12.753333	-0.971856
12.760000	-0.970328
12.766667	-0.972162
12.773333	-0.971245
12.780000	-0.969920
12.786667	-0.972875
12.793333	-0.970634
12.800000	-0.972060
12.806667	-0.971754
12.813333	-0.970634
12.820000	-0.970837
12.826667	-0.971143
12.833333	-0.969818
12.840000	-0.968901
12.846667	-0.971041
12.853333	-0.970939
12.860000	-0.968595
12.866667	-0.970634
12.873333	-0.969920
12.880000	-0.969411
12.886667	-0.967678
12.893333	-0.969309
12.900000	-0.969003
12.906667	-0.967984
12.913333	-0.967780
12.920000	-0.967373
12.926667	-0.967373
12.933333	-0.965131
12.940000	-0.967780
12.946667	-0.965335
12.953333	-0.965844
12.960000	-0.966048
12.966667	-0.965538
12.973333	-0.966659
12.980000	-0.966252
12.986667	-0.964723
12.993333	-0.965233
13.000000	-0.964621
13.006667	-0.963398
13.013333	-0.964825
13.020000	-0.962787
13.026667	-0.963296
13.033333	-0.962583
13.040000	-0.962889
13.046667	-0.962481
13.053333	-0.961360
13.060000	-0.962685
13.066667	-0.963602
13.073333	-0.962685
13.080000	-0.961972
13.086667	-0.963704
13.093333	-0.961055
13.100000	-0.965131
13.106667	-0.964214
13.113333	-0.962685
13.120000	-0.962991
13.126667	-0.964927
13.133333	-0.966252
13.140000	-0.963602
13.146667	-0.964621
13.153333	-0.964417
13.160000	-0.961462
13.166667	-0.964010
13.173333	-0.963704
13.180000	-0.961564
13.186667	-0.961156
13.193333	-0.962787
13.200000	-0.961156
13.206667	-0.960545
13.213333	-0.960749
13.220000	-0.959730
13.226667	-0.960749
13.233333	-0.961156
13.240000	-0.960341
13.246667	-0.960647
13.253333	-0.959934
13.260000	-0.959526
13.266667	-0.959322
13.273333	-0.959526
13.280000	-0.959934
13.286667	-0.959017
13.293333	-0.959526
13.300000	-0.957896
13.306667	-0.959832
13.313333	-0.959934
13.320000	-0.959220
13.326667	-0.959526
13.333333	-0.957488
13.340000	-0.959118
13.346667	-0.958711
13.353333	-0.959322
13.360000	-0.957386
13.366667	-0.958099
13.373333	-0.958507
13.380000	-0.957284
13.386667	-0.957284
13.393333	-0.956163
13.400000	-0.958099
13.406667	-0.957284
13.413333	-0.957080
13.420000	-0.956265
13.426667	-0.956571
13.433333	-0.958711
13.440000	-0.958405
13.446667	-0.958813
13.453333	-0.956877
13.460000	-0.956877
13.466667	-0.958099
13.473333	-0.956673
13.480000	-0.958405
13.486667	-0.957080
13.493333	-0.957794
13.500000	-0.957692
13.506667	-0.955552
13.513333	-0.956265
13.520000	-0.957284
13.526667	-0.957182
13.533333	-0.956163
13.540000	-0.955654
13.546667	-0.956163
13.553333	-0.955348
13.560000	-0.954329
13.566667	-0.956061
13.573333	-0.954227
13.580000	-0.956775
13.586667	-0.957590
13.593333	-0.955144
13.600000	-0.955450
13.606667	-0.958405
13.613333	-0.956469
13.620000	-0.955348
13.626667	-0.956877
13.633333	-0.956775
13.640000	-0.958405
13.646667	-0.959118
13.653333	-0.958099
13.660000	-0.958813
13.666667	-0.959322
13.673333	-0.958303
13.680000	-0.958405
13.686667	-0.960239
13.693333	-0.959526
13.700000	-0.960137
13.706667	-0.960443
13.713333	-0.961055
13.720000	-0.961462
13.726667	-0.962889
13.733333	-0.961360
13.740000	-0.962379
13.746667	-0.961564
13.753333	-0.962277
13.760000	-0.964621
13.766667	-0.962481
13.773333	-0.962074
13.780000	-0.963296
13.786667	-0.962685
13.793333	-0.961564
13.800000	-0.962176
13.806667	-0.962277
13.813333	-0.962991
13.820000	-0.963398
13.826667	-0.962685
13.833333	-0.964621
13.840000	-0.963602
13.846667	-0.964723
13.853333	-0.966150
13.860000	-0.965640
13.866667	-0.963704
13.873333	-0.968799
13.880000	-0.968697
13.886667	-0.969818
13.893333	-0.966659
13.900000	-0.968901
13.906667	-0.967271
13.913333	-0.966659
13.920000	-0.969513
13.926667	-0.966761
13.933333	-0.969105
13.940000	-0.968188
13.946667	-0.969920
13.953333	-0.971041
13.960000	-0.967882
13.966667	-0.969003
13.973333	-0.969716
13.980000	-0.969818
13.986667	-0.969207
13.993333	-0.967984
14.000000	-0.967984
14.006667	-0.970022
14.013333	-0.968494
14.020000	-0.967271
14.026667	-0.969615
14.033333	-0.970837
14.040000	-0.970226
14.046667	-0.967475
14.053333	-0.969309
14.060000	-0.968494
14.066667	-0.968901
14.073333	-0.969003
14.080000	-0.968697
14.086667	-0.968392
14.093333	-0.969105
14.100000	-0.967984
14.106667	-0.968188
14.113333	-0.967169
14.120000	-0.965946
14.126667	-0.966150
14.133333	-0.967373
14.140000	-0.967678
14.146667	-0.966965
14.153333	-0.966761
14.160000	-0.965640
14.166667	-0.968290
14.173333	-0.966965
14.180000	-0.966965
14.186667	-0.965335
14.193333	-0.964825
14.200000	-0.967576
14.206667	-0.967475
14.213333	-0.966252
14.220000	-0.968086
14.226667	-0.965436
14.233333	-0.964519
14.240000	-0.966048
14.246667	-0.968799
14.253333	-0.967067
14.260000	-0.964417
14.266667	-0.965029
14.273333	-0.965335
14.280000	-0.964519
14.286667	-0.963500
14.293333	-0.964519
14.300000	-0.963195
14.306667	-0.962787
14.313333	-0.962176
14.320000	-0.963806
14.326667	-0.964316
14.333333	-0.961972
14.340000	-0.962583
14.346667	-0.963195
14.353333	-0.961768
14.360000	-0.963704
14.366667	-0.961258
14.373333	-0.961156
14.380000	-0.960749
14.386667	-0.961258
14.393333	-0.961156
14.400000	-0.961870
14.406667	-0.962277
14.413333	-0.961564
14.420000	-0.961055
14.426667	-0.963500
14.433333	-0.962991
14.440000	-0.963806
14.446667	-0.965233
14.453333	-0.962685
14.460000	-0.965335
14.466667	-0.964214
14.473333	-0.963908
14.480000	-0.963806
14.486667	-0.964214
14.493333	-0.964010
14.500000	-0.964214
14.506667	-0.963704
14.513333	-0.964112
14.520000	-0.964417
14.526667	-0.964417
14.533333	-0.965538
14.540000	-0.963296
14.546667	-0.964214
14.553333	-0.963093
14.560000	-0.962481
14.566667	-0.962685
14.573333	-0.961564
14.580000	-0.961768
14.586667	-0.961666
14.593333	-0.961360
14.600000	-0.960647
14.606667	-0.961870
14.613333	-0.964112
14.620000	-0.961870
14.626667	-0.962277
14.633333	-0.962787
14.640000	-0.962481
14.646667	-0.963806
14.653333	-0.962583
14.660000	-0.962379
14.666667	-0.962277
14.673333	-0.964316
14.680000	-0.964621
14.686667	-0.963908
14.693333	-0.961360
14.700000	-0.962277
14.706667	-0.961258
14.713333	-0.962787
14.720000	-0.962583
14.726667	-0.961972
14.733333	-0.962176
14.740000	-0.962481
14.746667	-0.962685
14.753333	-0.964112
14.760000	-0.961972
14.766667	-0.961462
14.773333	-0.960647
14.780000	-0.961258
14.786667	-0.961156
14.793333	-0.959424
14.800000	-0.961768
14.806667	-0.961360
14.813333	-0.960239
14.820000	-0.960851
14.826667	-0.960851
14.833333	-0.961258
14.840000	-0.961055
14.846667	-0.960036
14.853333	-0.960545
14.860000	-0.962176
14.866667	-0.960545
14.873333	-0.961972
14.880000	-0.960953
14.886667	-0.960545
14.893333	-0.962277
14.900000	-0.960647
14.906667	-0.961666
14.913333	-0.960851
14.920000	-0.961156
14.926667	-0.962583
14.933333	-0.960036
14.940000	-0.961156
14.946667	-0.963908
14.953333	-0.962379
14.960000	-0.962379
14.966667	-0.964214
14.973333	-0.961768
14.980000	-0.962277
14.986667	-0.963704
14.993333	-0.964316
15.000000	-0.965335
15.006667	-0.963398
15.013333	-0.963296
15.020000	-0.964214
15.026667	-0.963398
15.033333	-0.964621
15.040000	-0.962991
15.046667	-0.961870
15.053333	-0.961156
15.060000	-0.963296
15.066667	-0.961156
15.073333	-0.960851
15.080000	-0.960647
15.086667	-0.961156
15.093333	-0.961055
15.100000	-0.961666
15.106667	-0.961258
15.113333	-0.960851
15.120000	-0.960953
15.126667	-0.961156
15.133333	-0.959934
15.140000	-0.960137
15.146667	-0.961666
15.153333	-0.960749
15.160000	-0.960341
15.166667	-0.962176
15.173333	-0.962685
15.180000	-0.962277
15.186667	-0.961564
15.193333	-0.962787
15.200000	-0.963195
15.206667	-0.962277
15.213333	-0.963296
15.220000	-0.964825
15.226667	-0.964927
15.233333	-0.963093
15.240000	-0.964417
15.246667	-0.965946
15.253333	-0.966455
15.260000	-0.964621
15.266667	-0.965131
15.273333	-0.964621
15.280000	-0.962481
15.286667	-0.963908
15.293333	-0.963296
15.300000	-0.964214
15.306667	-0.964010
15.313333	-0.963398
15.320000	-0.965233
15.326667	-0.962583
15.333333	-0.960953
15.340000	-0.961768
15.346667	-0.961360
15.353333	-0.963908
15.360000	-0.961870
15.366667	-0.961156
15.373333	-0.962176
15.380000	-0.961768
15.386667	-0.961258
15.393333	-0.962074
15.400000	-0.961156
15.406667	-0.963806
15.413333	-0.962176
15.420000	-0.962685
15.426667	-0.963704
15.433333	-0.964825
15.440000	-0.962176
15.446667	-0.963398
15.453333	-0.962074
15.460000	-0.964010
15.466667	-0.963908
15.473333	-0.963602
15.480000	-0.965233
15.486667	-0.966354
15.493333	-0.964010
15.500000	-0.964417
15.506667	-0.963398
15.513333	-0.964417
15.520000	-0.962379
15.526667	-0.963704
15.533333	-0.966048
15.540000	-0.963908
15.546667	-0.962176
15.553333	-0.964825
15.560000	-0.961564
15.566667	-0.961972
15.573333	-0.964112
15.580000	-0.963908
15.586667	-0.961870
15.593333	-0.962787
15.600000	-0.963093
15.606667	-0.964214
15.613333	-0.963704
15.620000	-0.962583
15.626667	-0.962991
15.633333	-0.964316
15.640000	-0.965640
15.646667	-0.963296
15.653333	-0.963296
15.660000	-0.964010
15.666667	-0.965131
15.673333	-0.964010
15.680000	-0.963908
15.686667	-0.964316
15.693333	-0.965029
15.700000	-0.964316
15.706667	-0.964519
15.713333	-0.966048
15.720000	-0.965538
15.726667	-0.965436
15.733333	-0.963296
15.740000	-0.963602
15.746667	-0.966659
15.753333	-0.964723
15.760000	-0.964214
15.766667	-0.964519
15.773333	-0.963296
15.780000	-0.965436
15.786667	-0.966354
15.793333	-0.962481
15.800000	-0.963602
15.806667	-0.966354
15.813333	-0.963908
15.820000	-0.965335
15.826667	-0.963806
15.833333	-0.965742
15.840000	-0.964112
15.846667	-0.964927
15.853333	-0.964417
15.860000	-0.963602
15.866667	-0.962787
15.873333	-0.963093
15.880000	-0.964010
15.886667	-0.963500
15.893333	-0.962787
15.900000	-0.962277
15.906667	-0.962685
15.913333	-0.964621
15.920000	-0.963908
15.926667	-0.963093
15.933333	-0.963602
15.940000	-0.962889
15.946667	-0.962481
15.953333	-0.964417
15.960000	-0.962583
15.966667	-0.962583
15.973333	-0.964214
15.980000	-0.962074
15.986667	-0.963500
15.993333	-0.962379
16.000000	-0.965233
16.006667	-0.963602
16.013333	-0.964723
16.020000	-0.964621
16.026667	-0.964621
16.033333	-0.963398
16.040000	-0.965029
16.046667	-0.964621
16.053333	-0.965233
16.060000	-0.963296
16.066667	-0.964112
16.073333	-0.964316
16.080000	-0.964112
16.086667	-0.963704
16.093333	-0.961768
16.100000	-0.960851
16.106667	-0.964214
16.113333	-0.961870
16.120000	-0.962074
16.126667	-0.961055
16.133333	-0.962176
16.140000	-0.962074
16.146667	-0.961156
16.153333	-0.961564
16.160000	-0.961564
16.166667	-0.962379
16.173333	-0.960341
16.180000	-0.962787
16.186667	-0.962481
16.193333	-0.961768
16.200000	-0.961972
16.206667	-0.963602
16.213333	-0.961564
16.220000	-0.962481
16.226667	-0.964621
16.233333	-0.964010
16.240000	-0.963296
16.246667	-0.964417
16.253333	-0.962889
16.260000	-0.963093
16.266667	-0.962277
16.273333	-0.964214
16.280000	-0.963398
16.286667	-0.962991
16.293333	-0.961972
16.300000	-0.961768
16.306667	-0.961258
16.313333	-0.963195
16.320000	-0.961564
16.326667	-0.960443
16.333333	-0.959017
16.340000	-0.962481
16.346667	-0.958507
16.353333	-0.960545
16.360000	-0.960851
16.366667	-0.960137
16.373333	-0.958609
16.380000	-0.957794
16.386667	-0.957386
16.393333	-0.958303
16.400000	-0.958609
16.406667	-0.957896
16.413333	-0.957590
16.420000	-0.956877
16.426667	-0.959017
16.433333	-0.958303
16.440000	-0.958405
16.446667	-0.958201
16.453333	-0.958609
16.460000	-0.959118
16.466667	-0.957488
16.473333	-0.959628
16.480000	-0.957080
16.486667	-0.959322
16.493333	-0.961870
16.500000	-0.957794
16.506667	-0.958711
16.513333	-0.958303
16.520000	-0.959934
16.526667	-0.961258
16.533333	-0.959832
16.540000	-0.958711
16.546667	-0.960239
16.553333	-0.960749
16.560000	-0.961666
16.566667	-0.959934
16.573333	-0.958915
16.580000	-0.960545
16.586667	-0.958915
16.593333	-0.959628
16.600000	-0.962074
16.606667	-0.959220
16.613333	-0.963296
16.620000	-0.962889
16.626667	-0.962277
16.633333	-0.966048
16.640000	-0.964112
16.646667	-0.962787
16.653333	-0.961972
16.660000	-0.961462
