-1.09897E-11	-0.963093	
0.00666667	-0.963908	
0.0133333	-0.962481	
0.02	-0.964723	
0.0266667	-0.962074	
0.0333333	-0.964112	
0.04	-0.96187	
0.0466667	-0.9635	
0.0533333	-0.963195	
0.06	-0.960545	
0.0666667	-0.962176	
0.0733333	-0.962379	
0.08	-0.963806	
0.0866667	-0.961666	
0.0933333	-0.960341	
0.1	-0.962176	
0.106667	-0.962277	
0.113333	-0.961564	
0.12	-0.962176	
0.126667	-0.962685	
0.133333	-0.962991	
0.14	-0.96401	
0.146667	-0.963296	
0.153333	-0.962379	
0.16	-0.962176	
0.166667	-0.963398	
0.173333	-0.964316	
0.18	-0.962889	
0.186667	-0.964316	
0.193333	-0.962889	
0.2	-0.964723	
0.206667	-0.964621	
0.213333	-0.962481	
0.22	-0.962991	
0.226667	-0.963093	
0.233333	-0.963908	
0.24	-0.96187	
0.246667	-0.962583	
0.253333	-0.961666	
0.26	-0.963398	
0.266667	-0.963806	
0.273333	-0.96136	
0.28	-0.960239	
0.286667	-0.961972	
0.293333	-0.960036	
0.3	-0.962074	
0.306667	-0.961462	
0.313333	-0.960341	
0.32	-0.962074	
0.326667	-0.961972	
0.333333	-0.96136	
0.34	-0.961055	
0.346667	-0.960647	
0.353333	-0.960545	
0.36	-0.961768	
0.366667	-0.962991	
0.373333	-0.963093	
0.38	-0.962889	
0.386667	-0.963908	
0.393333	-0.962481	
0.4	-0.963296	
0.406667	-0.963704	
0.413333	-0.964621	
0.42	-0.965131	
0.426667	-0.963806	
0.433333	-0.962787	
0.44	-0.964621	
0.446667	-0.9635	
0.453333	-0.962991	
0.46	-0.964927	
0.466667	-0.963296	
0.473333	-0.962074	
0.48	-0.962074	
0.486667	-0.962583	
0.493333	-0.962379	
0.5	-0.965029	
0.506667	-0.962889	
0.513333	-0.963704	
0.52	-0.96136	
0.526667	-0.96401	
0.533333	-0.9635	
0.54	-0.961768	
0.546667	-0.961462	
0.553333	-0.962787	
0.56	-0.964621	
0.566667	-0.962685	
0.573333	-0.962074	
0.58	-0.960749	
0.586667	-0.960953	
0.593333	-0.961666	
0.6	-0.962481	
0.606667	-0.962277	
0.613333	-0.961055	
0.62	-0.962583	
0.626667	-0.961258	
0.633333	-0.963398	
0.64	-0.963093	
0.646667	-0.964621	
0.653333	-0.96136	
0.66	-0.961156	
0.666667	-0.964417	
0.673333	-0.964112	
0.68	-0.963806	
0.686667	-0.964621	
0.693333	-0.964621	
0.7	-0.962379	
0.706667	-0.962379	
0.713333	-0.961666	
0.72	-0.965029	
0.726667	-0.96401	
0.733333	-0.962685	
0.74	-0.962787	
0.746667	-0.960953	
0.753333	-0.962074	
0.76	-0.961564	
0.766667	-0.960749	
0.773333	-0.962176	
0.78	-0.961258	
0.786667	-0.961564	
0.793333	-0.961156	
0.8	-0.959322	
0.806667	-0.960545	
0.813333	-0.961564	
0.82	-0.961462	
0.826667	-0.960545	
0.833333	-0.960647	
0.84	-0.961156	
0.846667	-0.96136	
0.853333	-0.961666	
0.86	-0.959322	
0.866667	-0.959628	
0.873333	-0.960545	
0.88	-0.960545	
0.886667	-0.961156	
0.893333	-0.960137	
0.9	-0.960647	
0.906667	-0.961156	
0.913333	-0.959526	
0.92	-0.960749	
0.926667	-0.960443	
0.933333	-0.962277	
0.94	-0.961462	
0.946667	-0.961055	
0.953333	-0.962277	
0.96	-0.959017	
0.966667	-0.960647	
0.973333	-0.961156	
0.98	-0.960036	
0.986667	-0.959832	
0.993333	-0.960036	
1	-0.959526	
1.00667	-0.961055	
1.01333	-0.959322	
1.02	-0.956571	
1.02667	-0.959424	
1.03333	-0.958507	
1.04	-0.95759	
1.04667	-0.95922	
1.05333	-0.957997	
1.06	-0.957794	
1.06667	-0.957896	
1.07333	-0.958609	
1.08	-0.957997	
1.08667	-0.958303	
1.09333	-0.958201	
1.1	-0.958609	
1.10667	-0.957692	
1.11333	-0.959934	
1.12	-0.959017	
1.12667	-0.96136	
1.13333	-0.959118	
1.14	-0.959526	
1.14667	-0.960137	
1.15333	-0.959934	
1.16	-0.958813	
1.16667	-0.961156	
1.17333	-0.95922	
1.18	-0.960545	
1.18667	-0.958813	
1.19333	-0.958507	
1.2	-0.959526	
1.20667	-0.958507	
1.21333	-0.958507	
1.22	-0.956673	
1.22667	-0.957386	
1.23333	-0.956367	
1.24	-0.957997	
1.24667	-0.958201	
1.25333	-0.955654	
1.26	-0.95759	
1.26667	-0.957997	
1.27333	-0.95759	
1.28	-0.95759	
1.28667	-0.958609	
1.29333	-0.955959	
1.3	-0.955959	
1.30667	-0.958303	
1.31333	-0.955042	
1.32	-0.956163	
1.32667	-0.956571	
1.33333	-0.957488	
1.34	-0.956673	
1.34667	-0.954533	
1.35333	-0.955144	
1.36	-0.953819	
1.36667	-0.955246	
1.37333	-0.955552	
1.38	-0.954023	
1.38667	-0.955246	
1.39333	-0.953921	
1.4	-0.954023	
1.40667	-0.953819	
1.41333	-0.954838	
1.42	-0.953514	
1.42667	-0.952698	
1.43333	-0.953921	
1.44	-0.953514	
1.44667	-0.951985	
1.45333	-0.952597	
1.46	-0.950355	
1.46667	-0.951781	
1.47333	-0.950558	
1.48	-0.953819	
1.48667	-0.951374	
1.49333	-0.95117	
1.5	-0.950457	
1.50667	-0.947501	
1.51333	-0.948215	
1.52	-0.947807	
1.52667	-0.949234	
1.53333	-0.94689	
1.54	-0.944342	
1.54667	-0.94689	
1.55333	-0.947196	
1.56	-0.945565	
1.56667	-0.945158	
1.57333	-0.944444	
1.58	-0.945565	
1.58667	-0.945871	
1.59333	-0.943629	
1.6	-0.945871	
1.60667	-0.943935	
1.61333	-0.945973	
1.62	-0.944648	
1.62667	-0.943629	
1.63333	-0.944648	
1.64	-0.943833	
1.64667	-0.94475	
1.65333	-0.942916	
1.66	-0.941285	
1.66667	-0.944139	
1.67333	-0.944342	
1.68	-0.941897	
1.68667	-0.941591	
1.69333	-0.941489	
1.7	-0.941387	
1.70667	-0.941183	
1.71333	-0.941081	
1.72	-0.941693	
1.72667	-0.940572	
1.73333	-0.93833	
1.74	-0.941897	
1.74667	-0.941081	
1.75333	-0.942202	
1.76	-0.940164	
1.76667	-0.944546	
1.77333	-0.940572	
1.78	-0.941897	
1.78667	-0.943731	
1.79333	-0.945259	
1.8	-0.944037	
1.80667	-0.945565	
1.81333	-0.945565	
1.82	-0.94638	
1.82667	-0.947603	
1.83333	-0.946177	
1.84	-0.949947	
1.84667	-0.949947	
1.85333	-0.950762	
1.86	-0.952698	
1.86667	-0.955246	
1.87333	-0.956469	
1.88	-0.958201	
1.88667	-0.958711	
1.89333	-0.962277	
1.9	-0.962379	
1.90667	-0.961462	
1.91333	-0.964214	
1.92	-0.965233	
1.92667	-0.968799	
1.93333	-0.968595	
1.94	-0.97206	
1.94667	-0.975015	
1.95333	-0.976034	
1.96	-0.978073	
1.96667	-0.982047	
1.97333	-0.985002	
1.98	-0.986123	
1.98667	-0.988467	
1.99333	-0.992747	
2	-0.994377	
2.00667	-0.998555	
2.01333	-0.99937	
2.02	-1.00202	
2.02667	-1.00345	
2.03333	-1.0062	
2.04	-1.00997	
2.04667	-1.00997	
2.05333	-1.01547	
2.06	-1.01832	
2.06667	-1.02383	
2.07333	-1.02648	
2.08	-1.03188	
2.08667	-1.03799	
2.09333	-1.04186	
2.1	-1.04451	
2.10667	-1.05063	
2.11333	-1.05348	
2.12	-1.05705	
2.12667	-1.06337	
2.13333	-1.06928	
2.14	-1.07508	
2.14667	-1.08038	
2.15333	-1.08324	
2.16	-1.08426	
2.16667	-1.08619	
2.17333	-1.08925	
2.18	-1.09057	
2.18667	-1.09547	
2.19333	-1.09893	
2.2	-1.09995	
2.20667	-1.10484	
2.21333	-1.10372	
2.22	-1.10576	
2.22667	-1.10882	
2.23333	-1.10994	
2.24	-1.11299	
2.24667	-1.11096	
2.25333	-1.11615	
2.26	-1.11422	
2.26667	-1.1131	
2.27333	-1.11422	
2.28	-1.1134	
2.28667	-1.11299	
2.29333	-1.11401	
2.3	-1.11106	
2.30667	-1.11085	
2.31333	-1.11065	
2.32	-1.10413	
2.32667	-1.10474	
2.33333	-1.10178	
2.34	-1.09862	
2.34667	-1.09333	
2.35333	-1.08528	
2.36	-1.08212	
2.36667	-1.07784	
2.37333	-1.06663	
2.38	-1.0599	
2.38667	-1.05063	
2.39333	-1.04156	
2.4	-1.03249	
2.40667	-1.0171	
2.41333	-1.00712	
2.42	-1.00141	
2.42667	-0.992747	
2.43333	-0.986531	
2.44	-0.978786	
2.44667	-0.968799	
2.45333	-0.960036	
2.46	-0.953004	
2.46667	-0.940572	
2.47333	-0.925592	
2.48	-0.91265	
2.48667	-0.900829	
2.49333	-0.892881	
2.5	-0.883506	
2.50667	-0.873213	
2.51333	-0.863227	
2.52	-0.853648	
2.52667	-0.842948	
2.53333	-0.831535	
2.54	-0.819816	
2.54667	-0.809218	
2.55333	-0.803409	
2.56	-0.798314	
2.56667	-0.794034	
2.57333	-0.787207	
2.58	-0.780175	
2.58667	-0.776609	
2.59333	-0.767743	
2.6	-0.762852	
2.60667	-0.756941	
2.61333	-0.754801	
2.62	-0.747057	
2.62667	-0.744305	
2.63333	-0.740127	
2.64	-0.736255	
2.64667	-0.734319	
2.65333	-0.730854	
2.66	-0.731261	
2.66667	-0.733401	
2.67333	-0.732077	
2.68	-0.73656	
2.68667	-0.736255	
2.69333	-0.739618	
2.7	-0.742675	
2.70667	-0.743898	
2.71333	-0.748178	
2.72	-0.750725	
2.72667	-0.756024	
2.73333	-0.758877	
2.74	-0.765094	
2.74667	-0.774265	
2.75333	-0.780175	
2.76	-0.786595	
2.76667	-0.792709	
2.77333	-0.800964	
2.78	-0.805957	
2.78667	-0.812785	
2.79333	-0.82216	
2.8	-0.832554	
2.80667	-0.840095	
2.81333	-0.846617	
2.82	-0.856196	
2.82667	-0.862921	
2.83333	-0.867711	
2.84	-0.874946	
2.84667	-0.877697	
2.85333	-0.884932	
2.86	-0.892983	
2.86667	-0.897569	
2.87333	-0.907453	
2.88	-0.917236	
2.88667	-0.925083	
2.89333	-0.930993	
2.9	-0.937617	
2.90667	-0.948928	
2.91333	-0.952495	
2.92	-0.964112	
2.92667	-0.968494	
2.93333	-0.97471	
2.94	-0.984187	
2.94667	-0.989791	
2.95333	-0.996313	
2.96	-0.999269	
2.96667	-1.00273	
2.97333	-1.00569	
2.98	-1.00864	
2.98667	-1.0116	
2.99333	-1.01792	
3	-1.01975	
3.00667	-1.02729	
3.01333	-1.03127	
3.02	-1.03453	
3.02667	-1.03657	
3.03333	-1.03758	
3.04	-1.04135	
3.04667	-1.0436	
3.05333	-1.04349	
3.06	-1.04676	
3.06667	-1.04747	
3.07333	-1.05002	
3.08	-1.05002	
3.08667	-1.05022	
3.09333	-1.05318	
3.1	-1.05165	
3.10667	-1.0547	
3.11333	-1.0545	
3.12	-1.05124	
3.12667	-1.05338	
3.13333	-1.05379	
3.14	-1.05287	
3.14667	-1.05114	
3.15333	-1.05053	
3.16	-1.05093	
3.16667	-1.0489	
3.17333	-1.04635	
3.18	-1.04594	
3.18667	-1.04411	
3.19333	-1.04135	
3.2	-1.03952	
3.20667	-1.03616	
3.21333	-1.03463	
3.22	-1.03096	
3.22667	-1.02923	
3.23333	-1.03065	
3.24	-1.02953	
3.24667	-1.02576	
3.25333	-1.02862	
3.26	-1.02342	
3.26667	-1.02444	
3.27333	-1.02077	
3.28	-1.01832	
3.28667	-1.01669	
3.29333	-1.01517	
3.3	-1.01782	
3.30667	-1.01496	
3.31333	-1.01313	
3.32	-1.01089	
3.32667	-1.00976	
3.33333	-1.00844	
3.34	-1.00762	
3.34667	-1.00824	
3.35333	-1.00548	
3.36	-1.00701	
3.36667	-1.00345	
3.37333	-1.00202	
3.38	-1.00406	
3.38667	-1.00039	
3.39333	-0.999982	
3.4	-0.999778	
3.40667	-0.99774	
3.41333	-0.996211	
3.42	-0.997638	
3.42667	-0.992339	
3.43333	-0.991422	
3.44	-0.990097	
3.44667	-0.986836	
3.45333	-0.986021	
3.46	-0.98327	
3.46667	-0.981945	
3.47333	-0.979193	
3.48	-0.976748	
3.48667	-0.975729	
3.49333	-0.976238	
3.5	-0.973691	
3.50667	-0.973283	
3.51333	-0.970837	
3.52	-0.968595	
3.52667	-0.966455	
3.53333	-0.965029	
3.54	-0.961666	
3.54667	-0.959017	
3.55333	-0.959118	
3.56	-0.957488	
3.56667	-0.956673	
3.57333	-0.954533	
3.58	-0.953412	
3.58667	-0.952087	
3.59333	-0.950558	
3.6	-0.947603	
3.60667	-0.945769	
3.61333	-0.944648	
3.62	-0.943935	
3.62667	-0.942508	
3.63333	-0.942712	
3.64	-0.942406	
3.64667	-0.941795	
3.65333	-0.938432	
3.66	-0.936292	
3.66667	-0.937617	
3.67333	-0.934661	
3.68	-0.935375	
3.68667	-0.933031	
3.69333	-0.932012	
3.7	-0.929464	
3.70667	-0.928751	
3.71333	-0.928038	
3.72	-0.926407	
3.72667	-0.925083	
3.73333	-0.925083	
3.74	-0.922943	
3.74667	-0.922943	
3.75333	-0.921516	
3.76	-0.92121	
3.76667	-0.920803	
3.77333	-0.921312	
3.78	-0.921822	
3.78667	-0.920191	
3.79333	-0.921006	
3.8	-0.919478	
3.80667	-0.92172	
3.81333	-0.920599	
3.82	-0.922127	
3.82667	-0.923044	
3.83333	-0.921822	
3.84	-0.922739	
3.84667	-0.922433	
3.85333	-0.923146	
3.86	-0.922637	
3.86667	-0.928547	
3.87333	-0.925694	
3.88	-0.925083	
3.88667	-0.927121	
3.89333	-0.929668	
3.9	-0.928649	
3.90667	-0.929974	
3.91333	-0.929057	
3.92	-0.929464	
3.92667	-0.928343	
3.93333	-0.931299	
3.94	-0.931706	
3.94667	-0.933337	
3.95333	-0.93405	
3.96	-0.933439	
3.96667	-0.933235	
3.97333	-0.934967	
3.98	-0.939145	
3.98667	-0.937617	
3.99333	-0.942814	
4	-0.942916	
4.00667	-0.944342	
4.01333	-0.946279	
4.02	-0.945973	
4.02667	-0.94903	
4.03333	-0.949947	
4.04	-0.950457	
4.04667	-0.952291	
4.05333	-0.951272	
4.06	-0.954533	
4.06667	-0.955348	
4.07333	-0.958915	
4.08	-0.957997	
4.08667	-0.95922	
4.09333	-0.959628	
4.1	-0.960137	
4.10667	-0.961258	
4.11333	-0.962685	
4.12	-0.964519	
4.12667	-0.963195	
4.13333	-0.966354	
4.14	-0.968086	
4.14667	-0.969818	
4.15333	-0.968595	
4.16	-0.970735	
4.16667	-0.971551	
4.17333	-0.970837	
4.18	-0.972468	
4.18667	-0.971653	
4.19333	-0.974914	
4.2	-0.972264	
4.20667	-0.974914	
4.21333	-0.976238	
4.22	-0.978786	
4.22667	-0.978378	
4.23333	-0.981333	
4.24	-0.981232	
4.24667	-0.98113	
4.25333	-0.981639	
4.26	-0.984187	
4.26667	-0.983779	
4.27333	-0.985002	
4.28	-0.985613	
4.28667	-0.985206	
4.29333	-0.989282	
4.3	-0.986938	
4.30667	-0.988059	
4.31333	-0.988874	
4.32	-0.99183	
4.32667	-0.99132	
4.33333	-0.991422	
4.34	-0.992339	
4.34667	-0.992237	
4.35333	-0.993052	
4.36	-0.993256	
4.36667	-0.993154	
4.37333	-0.993766	
4.38	-0.994887	
4.38667	-0.994683	
4.39333	-0.993664	
4.4	-0.992339	
4.40667	-0.993358	
4.41333	-0.993766	
4.42	-0.993766	
4.42667	-0.991931	
4.43333	-0.99081	
4.44	-0.990912	
4.44667	-0.991116	
4.45333	-0.989282	
4.46	-0.988976	
4.46667	-0.986021	
4.47333	-0.98755	
4.48	-0.986734	
4.48667	-0.986429	
4.49333	-0.985104	
4.5	-0.984492	
4.50667	-0.983779	
4.51333	-0.980722	
4.52	-0.983473	
4.52667	-0.980416	
4.53333	-0.978888	
4.54	-0.977257	
4.54667	-0.975015	
4.55333	-0.976238	
4.56	-0.975525	
4.56667	-0.975627	
4.57333	-0.973691	
4.58	-0.973589	
4.58667	-0.972162	
4.59333	-0.972468	
4.6	-0.970226	
4.60667	-0.970735	
4.61333	-0.968086	
4.62	-0.96992	
4.62667	-0.964825	
4.63333	-0.964825	
4.64	-0.962277	
4.64667	-0.96136	
4.65333	-0.96136	
4.66	-0.958813	
4.66667	-0.95759	
4.67333	-0.95708	
4.68	-0.956469	
4.68667	-0.955042	
4.69333	-0.956061	
4.7	-0.954533	
4.70667	-0.955654	
4.71333	-0.954329	
4.72	-0.955348	
4.72667	-0.951578	
4.73333	-0.952902	
4.74	-0.951272	
4.74667	-0.952495	
4.75333	-0.950355	
4.76	-0.950151	
4.76667	-0.948724	
4.77333	-0.950151	
4.78	-0.949438	
4.78667	-0.949336	
4.79333	-0.947094	
4.8	-0.948928	
4.80667	-0.949641	
4.81333	-0.948419	
4.82	-0.949845	
4.82667	-0.948011	
4.83333	-0.948826	
4.84	-0.949336	
4.84667	-0.946686	
4.85333	-0.950864	
4.86	-0.949641	
4.86667	-0.949641	
4.87333	-0.948011	
4.88	-0.948928	
4.88667	-0.948317	
4.89333	-0.948215	
4.9	-0.950049	
4.90667	-0.949845	
4.91333	-0.948113	
4.92	-0.948826	
4.92667	-0.948113	
4.93333	-0.94903	
4.94	-0.948215	
4.94667	-0.946279	
4.95333	-0.948317	
4.96	-0.94638	
4.96667	-0.946992	
4.97333	-0.947501	
4.98	-0.949234	
4.98667	-0.948113	
4.99333	-0.948113	
5	-0.946788	
5.00667	-0.947807	
5.01333	-0.94638	
5.02	-0.947807	
5.02667	-0.948724	
5.03333	-0.948419	
5.04	-0.949641	
5.04667	-0.950049	
5.05333	-0.948622	
5.06	-0.949234	
5.06667	-0.949336	
5.07333	-0.9528	
5.08	-0.950864	
5.08667	-0.952189	
5.09333	-0.952597	
5.1	-0.95331	
5.10667	-0.951883	
5.11333	-0.952495	
5.12	-0.950762	
5.12667	-0.951781	
5.13333	-0.950558	
5.14	-0.951272	
5.14667	-0.951883	
5.15333	-0.950966	
5.16	-0.952291	
5.16667	-0.953514	
5.17333	-0.952393	
5.18	-0.951883	
5.18667	-0.952291	
5.19333	-0.952698	
5.2	-0.952291	
5.20667	-0.955246	
5.21333	-0.952087	
5.22	-0.954737	
5.22667	-0.956469	
5.23333	-0.95545	
5.24	-0.954838	
5.24667	-0.957386	
5.25333	-0.954431	
5.26	-0.955654	
5.26667	-0.957182	
5.27333	-0.956775	
5.28	-0.954838	
5.28667	-0.959118	
5.29333	-0.958405	
5.3	-0.957488	
5.30667	-0.956775	
5.31333	-0.960036	
5.32	-0.959832	
5.32667	-0.959118	
5.33333	-0.960647	
5.34	-0.961462	
5.34667	-0.959017	
5.35333	-0.961564	
5.36	-0.959832	
5.36667	-0.96187	
5.37333	-0.961972	
5.38	-0.962889	
5.38667	-0.963296	
5.39333	-0.961055	
5.4	-0.965131	
5.40667	-0.962991	
5.41333	-0.965436	
5.42	-0.965131	
5.42667	-0.966048	
5.43333	-0.96778	
5.44	-0.966252	
5.44667	-0.965233	
5.45333	-0.966965	
5.46	-0.96778	
5.46667	-0.968595	
5.47333	-0.966965	
5.48	-0.966965	
5.48667	-0.967882	
5.49333	-0.969105	
5.5	-0.970735	
5.50667	-0.970328	
5.51333	-0.969105	
5.52	-0.968901	
5.52667	-0.971856	
5.53333	-0.970022	
5.54	-0.970532	
5.54667	-0.971245	
5.55333	-0.973996	
5.56	-0.973181	
5.56667	-0.971958	
5.57333	-0.971551	
5.58	-0.971856	
5.58667	-0.971449	
5.59333	-0.972774	
5.6	-0.97206	
5.60667	-0.971041	
5.61333	-0.971958	
5.62	-0.97043	
5.62667	-0.970634	
5.63333	-0.970328	
5.64	-0.969207	
5.64667	-0.969818	
5.65333	-0.968086	
5.66	-0.968392	
5.66667	-0.967984	
5.67333	-0.966965	
5.68	-0.965946	
5.68667	-0.967373	
5.69333	-0.964112	
5.7	-0.964621	
5.70667	-0.964621	
5.71333	-0.964214	
5.72	-0.96564	
5.72667	-0.964723	
5.73333	-0.964519	
5.74	-0.964316	
5.74667	-0.962379	
5.75333	-0.964112	
5.76	-0.962889	
5.76667	-0.962991	
5.77333	-0.96187	
5.78	-0.961258	
5.78667	-0.962991	
5.79333	-0.960239	
5.8	-0.962583	
5.80667	-0.961564	
5.81333	-0.962481	
5.82	-0.961972	
5.82667	-0.960036	
5.83333	-0.960443	
5.84	-0.961258	
5.84667	-0.959832	
5.85333	-0.959118	
5.86	-0.959424	
5.86667	-0.957488	
5.87333	-0.957692	
5.88	-0.959424	
5.88667	-0.95759	
5.89333	-0.958507	
5.9	-0.957896	
5.90667	-0.95759	
5.91333	-0.957692	
5.92	-0.959424	
5.92667	-0.958099	
5.93333	-0.956265	
5.94	-0.957794	
5.94667	-0.958813	
5.95333	-0.958303	
5.96	-0.957488	
5.96667	-0.956775	
5.97333	-0.957997	
5.98	-0.958609	
5.98667	-0.957997	
5.99333	-0.960851	
6	-0.958915	
6.00667	-0.959017	
6.01333	-0.958711	
6.02	-0.958711	
6.02667	-0.960749	
6.03333	-0.959424	
6.04	-0.960036	
6.04667	-0.959424	
6.05333	-0.960749	
6.06	-0.961156	
6.06667	-0.961768	
6.07333	-0.96187	
6.08	-0.962583	
6.08667	-0.963195	
6.09333	-0.964112	
6.1	-0.962787	
6.10667	-0.964723	
6.11333	-0.965538	
6.12	-0.9635	
6.12667	-0.964214	
6.13333	-0.963093	
6.14	-0.9635	
6.14667	-0.964316	
6.15333	-0.962583	
6.16	-0.964112	
6.16667	-0.965946	
6.17333	-0.963704	
6.18	-0.963908	
6.18667	-0.962889	
6.19333	-0.962176	
6.2	-0.964112	
6.20667	-0.963602	
6.21333	-0.964417	
6.22	-0.964214	
6.22667	-0.964723	
6.23333	-0.965436	
6.24	-0.964621	
6.24667	-0.967576	
6.25333	-0.964927	
6.26	-0.966048	
6.26667	-0.964927	
6.27333	-0.964825	
6.28	-0.966048	
6.28667	-0.96401	
6.29333	-0.964927	
6.3	-0.963806	
6.30667	-0.964927	
6.31333	-0.963908	
6.32	-0.96401	
6.32667	-0.96136	
6.33333	-0.963908	
6.34	-0.960341	
6.34667	-0.961462	
6.35333	-0.962481	
6.36	-0.962583	
6.36667	-0.95973	
6.37333	-0.957997	
6.38	-0.957284	
6.38667	-0.960239	
6.39333	-0.958915	
6.4	-0.958609	
6.40667	-0.958303	
6.41333	-0.955042	
6.42	-0.954838	
6.42667	-0.955246	
6.43333	-0.955857	
6.44	-0.955042	
6.44667	-0.953208	
6.45333	-0.955348	
6.46	-0.954125	
6.46667	-0.955042	
6.47333	-0.954023	
6.48	-0.954838	
6.48667	-0.955348	
6.49333	-0.954125	
6.5	-0.953412	
6.50667	-0.953921	
6.51333	-0.9528	
6.52	-0.954431	
6.52667	-0.955959	
6.53333	-0.953106	
6.54	-0.954023	
6.54667	-0.955246	
6.55333	-0.955552	
6.56	-0.953514	
6.56667	-0.955144	
6.57333	-0.95494	
6.58	-0.958609	
6.58667	-0.956673	
6.59333	-0.955756	
6.6	-0.957488	
6.60667	-0.959017	
6.61333	-0.959017	
6.62	-0.958915	
6.62667	-0.958813	
6.63333	-0.958711	
6.64	-0.959424	
6.64667	-0.960647	
6.65333	-0.960239	
6.66	-0.959526	
6.66667	-0.960341	
6.67333	-0.961055	
6.68	-0.961972	
6.68667	-0.961462	
6.69333	-0.961156	
6.7	-0.962176	
6.70667	-0.963398	
6.71333	-0.962889	
6.72	-0.964417	
6.72667	-0.963398	
6.73333	-0.964112	
6.74	-0.965233	
6.74667	-0.965029	
6.75333	-0.967984	
6.76	-0.967373	
6.76667	-0.967576	
6.77333	-0.96829	
6.78	-0.969818	
6.78667	-0.968799	
6.79333	-0.967882	
6.8	-0.967882	
6.80667	-0.972264	
6.81333	-0.969818	
6.82	-0.971856	
6.82667	-0.969411	
6.83333	-0.970939	
6.84	-0.969716	
6.84667	-0.96992	
6.85333	-0.970939	
6.86	-0.967984	
6.86667	-0.970939	
6.87333	-0.971143	
6.88	-0.968901	
6.88667	-0.968494	
6.89333	-0.967067	
6.9	-0.967169	
6.90667	-0.967984	
6.91333	-0.967067	
6.92	-0.965946	
6.92667	-0.966761	
6.93333	-0.966659	
6.94	-0.965742	
6.94667	-0.966557	
6.95333	-0.965335	
6.96	-0.96615	
6.96667	-0.965029	
6.97333	-0.967882	
6.98	-0.9635	
6.98667	-0.965029	
6.99333	-0.964927	
7	-0.966252	
7.00667	-0.964214	
7.01333	-0.963908	
7.02	-0.965029	
7.02667	-0.96401	
7.03333	-0.963093	
7.04	-0.964214	
7.04667	-0.963195	
7.05333	-0.961258	
7.06	-0.962787	
7.06667	-0.959628	
7.07333	-0.963093	
7.08	-0.95973	
7.08667	-0.961666	
7.09333	-0.962379	
7.1	-0.961666	
7.10667	-0.959628	
7.11333	-0.961258	
7.12	-0.961055	
7.12667	-0.960953	
7.13333	-0.960137	
7.14	-0.958405	
7.14667	-0.958609	
7.15333	-0.95922	
7.16	-0.958303	
7.16667	-0.958303	
7.17333	-0.95922	
7.18	-0.95759	
7.18667	-0.959017	
7.19333	-0.958711	
7.2	-0.956775	
7.20667	-0.956775	
7.21333	-0.957284	
7.22	-0.955144	
7.22667	-0.956673	
7.23333	-0.956978	
7.24	-0.956571	
7.24667	-0.956978	
7.25333	-0.95922	
7.26	-0.956775	
7.26667	-0.96136	
7.27333	-0.960341	
7.28	-0.958507	
7.28667	-0.956775	
7.29333	-0.958915	
7.3	-0.96136	
7.30667	-0.960137	
7.31333	-0.960647	
7.32	-0.958711	
7.32667	-0.959628	
7.33333	-0.960443	
7.34	-0.959424	
7.34667	-0.960137	
7.35333	-0.959424	
7.36	-0.958303	
7.36667	-0.957997	
7.37333	-0.957284	
7.38	-0.958099	
7.38667	-0.957284	
7.39333	-0.95759	
7.4	-0.957284	
7.40667	-0.956978	
7.41333	-0.957488	
7.42	-0.957997	
7.42667	-0.956673	
7.43333	-0.956775	
7.44	-0.95759	
7.44667	-0.956469	
7.45333	-0.959322	
7.46	-0.959118	
7.46667	-0.957692	
7.47333	-0.957896	
7.48	-0.959017	
7.48667	-0.957692	
7.49333	-0.959526	
7.5	-0.95922	
7.50667	-0.959118	
7.51333	-0.960443	
7.52	-0.960647	
7.52667	-0.959628	
7.53333	-0.960341	
7.54	-0.959017	
7.54667	-0.959118	
7.55333	-0.95973	
7.56	-0.959322	
7.56667	-0.959017	
7.57333	-0.959424	
7.58	-0.958711	
7.58667	-0.958711	
7.59333	-0.956978	
7.6	-0.95759	
7.60667	-0.957284	
7.61333	-0.956469	
7.62	-0.959017	
7.62667	-0.958405	
7.63333	-0.956673	
7.64	-0.959628	
7.64667	-0.957182	
7.65333	-0.958201	
7.66	-0.956877	
7.66667	-0.957284	
7.67333	-0.958711	
7.68	-0.957997	
7.68667	-0.958609	
7.69333	-0.958915	
7.7	-0.95922	
7.70667	-0.957284	
7.71333	-0.956877	
7.72	-0.957692	
7.72667	-0.957386	
7.73333	-0.959526	
7.74	-0.958915	
7.74667	-0.958915	
7.75333	-0.958507	
7.76	-0.957794	
7.76667	-0.960036	
7.77333	-0.958507	
7.78	-0.957896	
7.78667	-0.959526	
7.79333	-0.961462	
7.8	-0.959424	
7.80667	-0.960036	
7.81333	-0.961564	
7.82	-0.962991	
7.82667	-0.961564	
7.83333	-0.963195	
7.84	-0.962379	
7.84667	-0.962787	
7.85333	-0.962685	
7.86	-0.963806	
7.86667	-0.963093	
7.87333	-0.9635	
7.88	-0.962991	
7.88667	-0.964825	
7.89333	-0.965131	
7.9	-0.964417	
7.90667	-0.965335	
7.91333	-0.965131	
7.92	-0.965436	
7.92667	-0.964927	
7.93333	-0.9635	
7.94	-0.964825	
7.94667	-0.965233	
7.95333	-0.964927	
7.96	-0.967882	
7.96667	-0.965538	
7.97333	-0.967678	
7.98	-0.965335	
7.98667	-0.967678	
7.99333	-0.966659	
8	-0.966354	
8.00667	-0.964621	
8.01333	-0.967373	
8.02	-0.965335	
8.02667	-0.964621	
8.03333	-0.967882	
8.04	-0.965742	
8.04667	-0.966048	
8.05333	-0.964621	
8.06	-0.965335	
8.06667	-0.964621	
8.07333	-0.964112	
8.08	-0.963806	
8.08667	-0.963296	
8.09333	-0.962583	
8.1	-0.961156	
8.10667	-0.961768	
8.11333	-0.960851	
8.12	-0.962787	
8.12667	-0.95922	
8.13333	-0.959832	
8.14	-0.958609	
8.14667	-0.957794	
8.15333	-0.957182	
8.16	-0.958813	
8.16667	-0.960036	
8.17333	-0.958201	
8.18	-0.958405	
8.18667	-0.958405	
8.19333	-0.958303	
8.2	-0.95922	
8.20667	-0.957488	
8.21333	-0.958609	
8.22	-0.958609	
8.22667	-0.957182	
8.23333	-0.960749	
8.24	-0.958711	
8.24667	-0.958099	
8.25333	-0.960443	
8.26	-0.959322	
8.26667	-0.958507	
8.27333	-0.957284	
8.28	-0.960749	
8.28667	-0.95922	
8.29333	-0.958915	
8.3	-0.957997	
8.30667	-0.958303	
8.31333	-0.959424	
8.32	-0.959118	
8.32667	-0.960239	
8.33333	-0.959832	
8.34	-0.959424	
8.34667	-0.95922	
8.35333	-0.960341	
8.36	-0.960137	
8.36667	-0.960749	
8.37333	-0.958711	
8.38	-0.958405	
8.38667	-0.958609	
8.39333	-0.960036	
8.4	-0.95973	
8.40667	-0.960545	
8.41333	-0.960137	
8.42	-0.958915	
8.42667	-0.959628	
8.43333	-0.960443	
8.44	-0.95973	
8.44667	-0.960137	
8.45333	-0.961564	
8.46	-0.959424	
8.46667	-0.963602	
8.47333	-0.960545	
8.48	-0.961462	
8.48667	-0.962787	
8.49333	-0.962583	
8.5	-0.962787	
8.50667	-0.963602	
8.51333	-0.964723	
8.52	-0.964621	
8.52667	-0.963806	
8.53333	-0.965436	
8.54	-0.964621	
8.54667	-0.964723	
8.55333	-0.965335	
8.56	-0.967373	
8.56667	-0.96564	
8.57333	-0.965946	
8.58	-0.965131	
8.58667	-0.965436	
8.59333	-0.963908	
8.6	-0.966252	
8.60667	-0.965538	
8.61333	-0.964316	
8.62	-0.963602	
8.62667	-0.963602	
8.63333	-0.965233	
8.64	-0.964417	
8.64667	-0.961564	
8.65333	-0.962176	
8.66	-0.962889	
8.66667	-0.964825	
8.67333	-0.965233	
8.68	-0.963806	
8.68667	-0.964825	
8.69333	-0.962787	
8.7	-0.964927	
8.70667	-0.962277	
8.71333	-0.964621	
8.72	-0.964825	
8.72667	-0.965436	
8.73333	-0.96401	
8.74	-0.964927	
8.74667	-0.965029	
8.75333	-0.96187	
8.76	-0.963398	
8.76667	-0.961666	
8.77333	-0.963908	
8.78	-0.964621	
8.78667	-0.962991	
8.79333	-0.963195	
8.8	-0.961564	
8.80667	-0.961666	
8.81333	-0.960647	
8.82	-0.963093	
8.82667	-0.960647	
8.83333	-0.960851	
8.84	-0.961156	
8.84667	-0.962685	
8.85333	-0.962074	
8.86	-0.962685	
8.86667	-0.961564	
8.87333	-0.964214	
8.88	-0.962074	
8.88667	-0.962889	
8.89333	-0.962583	
8.9	-0.962379	
8.90667	-0.96136	
8.91333	-0.964519	
8.92	-0.961156	
8.92667	-0.962787	
8.93333	-0.96136	
8.94	-0.965844	
8.94667	-0.96401	
8.95333	-0.963398	
8.96	-0.963195	
8.96667	-0.963704	
8.97333	-0.964519	
8.98	-0.964825	
8.98667	-0.964825	
8.99333	-0.965436	
9	-0.966557	
9.00667	-0.966659	
9.01333	-0.965946	
9.02	-0.967984	
9.02667	-0.965742	
9.03333	-0.965946	
9.04	-0.966252	
9.04667	-0.968086	
9.05333	-0.967576	
9.06	-0.96615	
9.06667	-0.966252	
9.07333	-0.967576	
9.08	-0.965233	
9.08667	-0.964417	
9.09333	-0.964927	
9.1	-0.963093	
9.10667	-0.962176	
9.11333	-0.964927	
9.12	-0.962685	
9.12667	-0.962583	
9.13333	-0.961768	
9.14	-0.960749	
9.14667	-0.962787	
9.15333	-0.961258	
9.16	-0.960137	
9.16667	-0.961462	
9.17333	-0.960137	
9.18	-0.960239	
9.18667	-0.960851	
9.19333	-0.957182	
9.2	-0.959934	
9.20667	-0.960341	
9.21333	-0.959424	
9.22	-0.959424	
9.22667	-0.959832	
9.23333	-0.960545	
9.24	-0.959934	
9.24667	-0.958609	
9.25333	-0.95973	
9.26	-0.959934	
9.26667	-0.961768	
9.27333	-0.956978	
9.28	-0.96136	
9.28667	-0.959934	
9.29333	-0.958609	
9.3	-0.959118	
9.30667	-0.956775	
9.31333	-0.95759	
9.32	-0.959118	
9.32667	-0.957182	
9.33333	-0.956061	
9.34	-0.956673	
9.34667	-0.955654	
9.35333	-0.955042	
9.36	-0.956877	
9.36667	-0.954838	
9.37333	-0.954737	
9.38	-0.954329	
9.38667	-0.955246	
9.39333	-0.955654	
9.4	-0.954635	
9.40667	-0.953921	
9.41333	-0.954125	
9.42	-0.953921	
9.42667	-0.95331	
9.43333	-0.955959	
9.44	-0.955042	
9.44667	-0.953921	
9.45333	-0.954227	
9.46	-0.95545	
9.46667	-0.953004	
9.47333	-0.953106	
9.48	-0.954533	
9.48667	-0.954125	
9.49333	-0.956061	
9.5	-0.956163	
9.50667	-0.956163	
9.51333	-0.955756	
9.52	-0.955552	
9.52667	-0.956469	
9.53333	-0.957284	
9.54	-0.956367	
9.54667	-0.957182	
9.55333	-0.956367	
9.56	-0.956163	
9.56667	-0.956978	
9.57333	-0.958099	
9.58	-0.957386	
9.58667	-0.95708	
9.59333	-0.959017	
9.6	-0.956877	
9.60667	-0.957896	
9.61333	-0.95759	
9.62	-0.958711	
9.62667	-0.957488	
9.63333	-0.957182	
9.64	-0.958405	
9.64667	-0.955348	
9.65333	-0.956571	
9.66	-0.958507	
9.66667	-0.957386	
9.67333	-0.956978	
9.68	-0.956877	
9.68667	-0.958303	
9.69333	-0.960545	
9.7	-0.957997	
9.70667	-0.961768	
9.71333	-0.962074	
9.72	-0.960851	
9.72667	-0.964112	
9.73333	-0.962889	
9.74	-0.961768	
9.74667	-0.964112	
9.75333	-0.963602	
9.76	-0.963398	
9.76667	-0.965131	
9.77333	-0.96564	
9.78	-0.963806	
9.78667	-0.963195	
9.79333	-0.964112	
9.8	-0.963602	
9.80667	-0.962074	
9.81333	-0.963398	
9.82	-0.963806	
9.82667	-0.963093	
9.83333	-0.964519	
9.84	-0.963806	
9.84667	-0.963602	
9.85333	-0.963806	
9.86	-0.962685	
9.86667	-0.9635	
9.87333	-0.962889	
9.88	-0.963195	
9.88667	-0.96136	
9.89333	-0.963195	
9.9	-0.96136	
9.90667	-0.96401	
9.91333	-0.962481	
9.92	-0.962074	
9.92667	-0.962685	
9.93333	-0.963195	
9.94	-0.962176	
9.94667	-0.961462	
9.95333	-0.962481	
9.96	-0.964214	
9.96667	-0.960749	
9.97333	-0.9635	
9.98	-0.961768	
9.98667	-0.962176	
9.99333	-0.961768	
10	-0.962685	
10.0067	-0.962481	
10.0133	-0.962583	
10.02	-0.9635	
10.0267	-0.962889	
10.0333	-0.965029	
10.04	-0.961972	
10.0467	-0.962277	
10.0533	-0.962583	
10.06	-0.962176	
10.0667	-0.961564	
10.0733	-0.960851	
10.08	-0.963908	
10.0867	-0.963704	
10.0933	-0.962991	
10.1	-0.96187	
10.1067	-0.961564	
10.1133	-0.96136	
10.12	-0.962583	
10.1267	-0.960953	
10.1333	-0.963195	
10.14	-0.962787	
10.1467	-0.962176	
10.1533	-0.963195	
10.16	-0.96187	
10.1667	-0.962481	
10.1733	-0.964621	
10.18	-0.962685	
10.1867	-0.962889	
10.1933	-0.9635	
10.2	-0.962991	
10.2067	-0.963602	
10.2133	-0.962379	
10.22	-0.964214	
10.2267	-0.965742	
10.2333	-0.964723	
10.24	-0.963398	
10.2467	-0.965946	
10.2533	-0.964621	
10.26	-0.96564	
10.2667	-0.964621	
10.2733	-0.967169	
10.28	-0.964723	
10.2867	-0.965233	
10.2933	-0.965538	
10.3	-0.963806	
10.3067	-0.963704	
10.3133	-0.9635	
10.32	-0.964825	
10.3267	-0.96615	
10.3333	-0.964214	
10.34	-0.963806	
10.3467	-0.962991	
10.3533	-0.964519	
10.36	-0.963908	
10.3667	-0.963296	
10.3733	-0.96187	
10.38	-0.96401	
10.3867	-0.962379	
10.3933	-0.963093	
10.4	-0.962176	
10.4067	-0.963908	
10.4133	-0.964519	
10.42	-0.963704	
10.4267	-0.964112	
10.4333	-0.963704	
10.44	-0.96401	
10.4467	-0.9635	
10.4533	-0.966048	
10.46	-0.964825	
10.4667	-0.964519	
10.4733	-0.963195	
10.48	-0.96615	
10.4867	-0.968595	
10.4933	-0.96615	
10.5	-0.967169	
10.5067	-0.964519	
10.5133	-0.967067	
10.52	-0.965233	
10.5267	-0.962787	
10.5333	-0.962991	
10.54	-0.965335	
10.5467	-0.963806	
10.5533	-0.962889	
10.56	-0.967271	
10.5667	-0.966557	
10.5733	-0.965131	
10.58	-0.964927	
10.5867	-0.962074	
10.5933	-0.961972	
10.6	-0.961462	
10.6067	-0.963195	
10.6133	-0.962074	
10.62	-0.96136	
10.6267	-0.961972	
10.6333	-0.961564	
10.64	-0.962074	
10.6467	-0.960443	
10.6533	-0.962074	
10.66	-0.961258	
10.6667	-0.959118	
10.6733	-0.961055	
10.68	-0.960137	
10.6867	-0.960443	
10.6933	-0.959832	
10.7	-0.960953	
10.7067	-0.960545	
10.7133	-0.959628	
10.72	-0.960341	
10.7267	-0.959322	
10.7333	-0.959934	
10.74	-0.961055	
10.7467	-0.960953	
10.7533	-0.962176	
10.76	-0.962277	
10.7667	-0.960749	
10.7733	-0.961258	
10.78	-0.961055	
10.7867	-0.961666	
10.7933	-0.962176	
10.8	-0.96187	
10.8067	-0.963602	
10.8133	-0.962787	
10.82	-0.962583	
10.8267	-0.963806	
10.8333	-0.962787	
10.84	-0.96187	
10.8467	-0.962991	
10.8533	-0.9635	
10.86	-0.964214	
10.8667	-0.96401	
10.8733	-0.962074	
10.88	-0.961055	
10.8867	-0.962583	
10.8933	-0.961666	
10.9	-0.964112	
10.9067	-0.964316	
10.9133	-0.964417	
10.92	-0.964316	
10.9267	-0.963602	
10.9333	-0.9635	
10.94	-0.965335	
10.9467	-0.964214	
10.9533	-0.963908	
10.96	-0.963602	
10.9667	-0.962991	
10.9733	-0.965844	
10.98	-0.963908	
10.9867	-0.965233	
10.9933	-0.964112	
11	-0.96615	
11.0067	-0.962379	
11.0133	-0.962991	
11.02	-0.964316	
11.0267	-0.961564	
11.0333	-0.964621	
11.04	-0.962277	
11.0467	-0.96187	
11.0533	-0.960036	
11.06	-0.960036	
11.0667	-0.959934	
11.0733	-0.960647	
11.08	-0.95973	
11.0867	-0.959832	
11.0933	-0.95708	
11.1	-0.959526	
11.1067	-0.959017	
11.1133	-0.95922	
11.12	-0.958915	
11.1267	-0.959118	
11.1333	-0.958813	
11.14	-0.958813	
11.1467	-0.959628	
11.1533	-0.959118	
11.16	-0.957794	
11.1667	-0.957488	
11.1733	-0.957896	
11.18	-0.959322	
11.1867	-0.958711	
11.1933	-0.95922	
11.2	-0.958813	
11.2067	-0.957794	
11.2133	-0.957997	
11.22	-0.95922	
11.2267	-0.957794	
11.2333	-0.956877	
11.24	-0.958201	
11.2467	-0.957896	
11.2533	-0.956978	
11.26	-0.955857	
11.2667	-0.957997	
11.2733	-0.955857	
11.28	-0.958303	
11.2867	-0.95331	
11.2933	-0.954635	
11.3	-0.95759	
11.3067	-0.956978	
11.3133	-0.956367	
11.32	-0.955654	
11.3267	-0.956469	
11.3333	-0.955654	
11.34	-0.954329	
11.3467	-0.956265	
11.3533	-0.956775	
11.36	-0.954838	
11.3667	-0.953004	
11.3733	-0.954635	
11.38	-0.954533	
11.3867	-0.956673	
11.3933	-0.955144	
11.4	-0.956265	
11.4067	-0.954838	
11.4133	-0.957182	
11.42	-0.957692	
11.4267	-0.952698	
11.4333	-0.955348	
11.44	-0.95708	
11.4467	-0.957182	
11.4533	-0.957386	
11.46	-0.958099	
11.4667	-0.956877	
11.4733	-0.957488	
11.48	-0.957386	
11.4867	-0.95973	
11.4933	-0.960341	
11.5	-0.957997	
11.5067	-0.95973	
11.5133	-0.960647	
11.52	-0.959934	
11.5267	-0.959628	
11.5333	-0.959526	
11.54	-0.961564	
11.5467	-0.960036	
11.5533	-0.961666	
11.56	-0.961462	
11.5667	-0.959017	
11.5733	-0.960545	
11.58	-0.962176	
11.5867	-0.959526	
11.5933	-0.960036	
11.6	-0.96187	
11.6067	-0.962481	
11.6133	-0.962481	
11.62	-0.960647	
11.6267	-0.961055	
11.6333	-0.961564	
11.64	-0.960953	
11.6467	-0.961768	
11.6533	-0.962787	
11.66	-0.963398	
11.6667	-0.964316	
11.6733	-0.963806	
11.68	-0.962889	
11.6867	-0.965131	
11.6933	-0.966761	
11.7	-0.964723	
11.7067	-0.966659	
11.7133	-0.965538	
11.72	-0.966965	
11.7267	-0.967373	
11.7333	-0.964621	
11.74	-0.966354	
11.7467	-0.967169	
11.7533	-0.96615	
11.76	-0.963806	
11.7667	-0.964825	
11.7733	-0.964927	
11.78	-0.963806	
11.7867	-0.96829	
11.7933	-0.965131	
11.8	-0.96401	
11.8067	-0.963398	
11.8133	-0.963806	
11.82	-0.962074	
11.8267	-0.96401	
11.8333	-0.964112	
11.84	-0.9635	
11.8467	-0.966455	
11.8533	-0.964316	
11.86	-0.964417	
11.8667	-0.964417	
11.8733	-0.965233	
11.88	-0.965946	
11.8867	-0.965233	
11.8933	-0.967678	
11.9	-0.967271	
11.9067	-0.967576	
11.9133	-0.96615	
11.92	-0.96778	
11.9267	-0.967475	
11.9333	-0.967882	
11.94	-0.966761	
11.9467	-0.965946	
11.9533	-0.966354	
11.96	-0.965233	
11.9667	-0.965742	
11.9733	-0.965538	
11.98	-0.967984	
11.9867	-0.965233	
11.9933	-0.963602	
12	-0.962685	
12.0067	-0.966659	
12.0133	-0.9635	
12.02	-0.964825	
12.0267	-0.966048	
12.0333	-0.963908	
12.04	-0.964825	
12.0467	-0.965844	
12.0533	-0.9635	
12.06	-0.962379	
12.0667	-0.963806	
12.0733	-0.963704	
12.08	-0.963195	
12.0867	-0.964112	
12.0933	-0.964112	
12.1	-0.963704	
12.1067	-0.963195	
12.1133	-0.962787	
12.12	-0.962481	
12.1267	-0.959832	
12.1333	-0.962787	
12.14	-0.960545	
12.1467	-0.960036	
12.1533	-0.959526	
12.16	-0.960036	
12.1667	-0.960749	
12.1733	-0.960851	
12.18	-0.963093	
12.1867	-0.962583	
12.1933	-0.962889	
12.2	-0.962787	
12.2067	-0.963093	
12.2133	-0.963296	
12.22	-0.96136	
12.2267	-0.963602	
12.2333	-0.963704	
12.24	-0.963398	
12.2467	-0.962889	
12.2533	-0.960851	
12.26	-0.962583	
12.2667	-0.962583	
12.2733	-0.961972	
12.28	-0.962481	
12.2867	-0.96136	
12.2933	-0.961666	
12.3	-0.960036	
12.3067	-0.960137	
12.3133	-0.961156	
12.32	-0.960647	
12.3267	-0.95922	
12.3333	-0.95922	
12.34	-0.960137	
12.3467	-0.958813	
12.3533	-0.957794	
12.36	-0.95973	
12.3667	-0.960036	
12.3733	-0.959118	
12.38	-0.960545	
12.3867	-0.960545	
12.3933	-0.960036	
12.4	-0.960036	
12.4067	-0.960545	
12.4133	-0.959934	
12.42	-0.961462	
12.4267	-0.960036	
12.4333	-0.95973	
12.44	-0.961972	
12.4467	-0.960545	
12.4533	-0.960851	
12.46	-0.959934	
12.4667	-0.962685	
12.4733	-0.961462	
12.48	-0.961258	
12.4867	-0.960036	
12.4933	-0.959628	
12.5	-0.961156	
12.5067	-0.960239	
12.5133	-0.958303	
12.52	-0.956978	
12.5267	-0.960953	
12.5333	-0.958609	
12.54	-0.959017	
12.5467	-0.958201	
12.5533	-0.959628	
12.56	-0.958609	
12.5667	-0.957284	
12.5733	-0.959628	
12.58	-0.959017	
12.5867	-0.958609	
12.5933	-0.958915	
12.6	-0.959424	
12.6067	-0.961564	
12.6133	-0.958711	
12.62	-0.960443	
12.6267	-0.961055	
12.6333	-0.960953	
12.64	-0.960953	
12.6467	-0.963806	
12.6533	-0.960647	
12.66	-0.960137	
12.6667	-0.960953	
12.6733	-0.960036	
12.68	-0.96187	
12.6867	-0.962176	
12.6933	-0.961156	
12.7	-0.963806	
12.7067	-0.962379	
12.7133	-0.96187	
12.72	-0.962991	
12.7267	-0.962583	
12.7333	-0.963602	
12.74	-0.961462	
12.7467	-0.962583	
12.7533	-0.961666	
12.76	-0.963296	
12.7667	-0.962379	
12.7733	-0.961564	
12.78	-0.960443	
12.7867	-0.962889	
12.7933	-0.960953	
12.8	-0.964112	
12.8067	-0.960036	
12.8133	-0.95759	
12.82	-0.958507	
12.8267	-0.959017	
12.8333	-0.958813	
12.84	-0.959832	
12.8467	-0.958303	
12.8533	-0.959322	
12.86	-0.958813	
12.8667	-0.958099	
12.8733	-0.957896	
12.88	-0.958099	
12.8867	-0.958201	
12.8933	-0.960341	
12.9	-0.960036	
12.9067	-0.959934	
12.9133	-0.958609	
12.92	-0.961258	
12.9267	-0.960137	
12.9333	-0.960239	
12.94	-0.956775	
12.9467	-0.960036	
12.9533	-0.961156	
12.96	-0.959832	
12.9667	-0.959832	
12.9733	-0.96136	
12.98	-0.958099	
12.9867	-0.960647	
12.9933	-0.95973	
13	-0.959118	
13.0067	-0.960036	
13.0133	-0.956571	
13.02	-0.957692	
13.0267	-0.95759	
13.0333	-0.958405	
13.04	-0.958609	
13.0467	-0.957386	
13.0533	-0.958201	
13.06	-0.956367	
13.0667	-0.958813	
13.0733	-0.959424	
13.08	-0.957182	
13.0867	-0.959322	
13.0933	-0.958915	
13.1	-0.959628	
13.1067	-0.959424	
13.1133	-0.960851	
13.12	-0.958711	
13.1267	-0.960953	
13.1333	-0.959832	
13.14	-0.961258	
13.1467	-0.96136	
13.1533	-0.960647	
13.16	-0.961258	
13.1667	-0.960341	
13.1733	-0.961055	
13.18	-0.960443	
13.1867	-0.960239	
13.1933	-0.960953	
13.2	-0.961055	
13.2067	-0.961768	
13.2133	-0.95973	
13.22	-0.962991	
13.2267	-0.963602	
13.2333	-0.961258	
13.24	-0.960239	
13.2467	-0.960953	
13.2533	-0.961462	
13.26	-0.961055	
13.2667	-0.962889	
13.2733	-0.962277	
13.28	-0.962685	
13.2867	-0.96136	
13.2933	-0.962787	
13.3	-0.962991	
13.3067	-0.9635	
13.3133	-0.962889	
13.32	-0.961462	
13.3267	-0.960953	
13.3333	-0.961156	
13.34	-0.961564	
13.3467	-0.962379	
13.3533	-0.960953	
13.36	-0.962074	
13.3667	-0.960647	
13.3733	-0.963398	
13.38	-0.964316	
13.3867	-0.963704	
13.3933	-0.965233	
13.4	-0.966354	
13.4067	-0.964316	
13.4133	-0.965335	
13.42	-0.966048	
13.4267	-0.96615	
13.4333	-0.966354	
13.44	-0.965538	
13.4467	-0.966354	
13.4533	-0.966048	
13.46	-0.96615	
13.4667	-0.966354	
13.4733	-0.964214	
13.48	-0.964825	
13.4867	-0.965538	
13.4933	-0.965946	
13.5	-0.963195	
13.5067	-0.963704	
13.5133	-0.962889	
13.52	-0.964519	
13.5267	-0.963093	
13.5333	-0.964214	
13.54	-0.96401	
13.5467	-0.962889	
13.5533	-0.96401	
13.56	-0.963908	
13.5667	-0.964621	
13.5733	-0.96401	
13.58	-0.964723	
13.5867	-0.964519	
13.5933	-0.964519	
13.6	-0.963398	
13.6067	-0.964316	
13.6133	-0.963908	
13.62	-0.963908	
13.6267	-0.965029	
13.6333	-0.962889	
13.64	-0.96401	
13.6467	-0.964825	
13.6533	-0.963908	
13.66	-0.963704	
13.6667	-0.962889	
13.6733	-0.962991	
13.68	-0.964927	
13.6867	-0.963093	
13.6933	-0.962074	
13.7	-0.963195	
13.7067	-0.963908	
13.7133	-0.963908	
13.72	-0.962787	
13.7267	-0.964621	
13.7333	-0.962889	
13.74	-0.962991	
13.7467	-0.964417	
13.7533	-0.964214	
13.76	-0.964723	
13.7667	-0.96401	
13.7733	-0.963908	
13.78	-0.962889	
13.7867	-0.9635	
13.7933	-0.963398	
13.8	-0.962277	
13.8067	-0.962583	
13.8133	-0.962787	
13.82	-0.961666	
13.8267	-0.963602	
13.8333	-0.961768	
13.84	-0.961972	
13.8467	-0.961768	
13.8533	-0.9635	
13.86	-0.962991	
13.8667	-0.963398	
13.8733	-0.962685	
13.88	-0.963704	
13.8867	-0.962889	
13.8933	-0.963093	
13.9	-0.962481	
13.9067	-0.96401	
13.9133	-0.963704	
13.92	-0.964316	
13.9267	-0.963195	
13.9333	-0.962685	
13.94	-0.964825	
13.9467	-0.962787	
13.9533	-0.963806	
13.96	-0.96401	
13.9667	-0.962991	
13.9733	-0.963398	
13.98	-0.961055	
13.9867	-0.962176	
13.9933	-0.960749	
14	-0.962379	
14.0067	-0.961055	
14.0133	-0.960137	
14.02	-0.961462	
14.0267	-0.960545	
14.0333	-0.959424	
14.04	-0.960137	
14.0467	-0.961156	
14.0533	-0.960239	
14.06	-0.959526	
14.0667	-0.95922	
14.0733	-0.959424	
14.08	-0.960545	
14.0867	-0.957794	
14.0933	-0.95922	
14.1	-0.959628	
14.1067	-0.958915	
14.1133	-0.957997	
14.12	-0.958201	
14.1267	-0.95973	
14.1333	-0.958405	
14.14	-0.958813	
14.1467	-0.958201	
14.1533	-0.957896	
14.16	-0.958609	
14.1667	-0.956877	
14.1733	-0.958201	
14.18	-0.956265	
14.1867	-0.955857	
14.1933	-0.956877	
14.2	-0.956877	
14.2067	-0.956469	
14.2133	-0.955348	
14.22	-0.955654	
14.2267	-0.955959	
14.2333	-0.955246	
14.24	-0.954023	
14.2467	-0.954125	
14.2533	-0.955348	
14.26	-0.955756	
14.2667	-0.954635	
14.2733	-0.954838	
14.28	-0.955756	
14.2867	-0.954533	
14.2933	-0.954737	
14.3	-0.954329	
14.3067	-0.955144	
14.3133	-0.955857	
14.32	-0.955654	
14.3267	-0.955654	
14.3333	-0.954533	
14.34	-0.956367	
14.3467	-0.956061	
14.3533	-0.956469	
14.36	-0.955756	
14.3667	-0.957794	
14.3733	-0.955857	
14.38	-0.958609	
14.3867	-0.957284	
14.3933	-0.957386	
14.4	-0.958711	
14.4067	-0.95708	
14.4133	-0.956978	
14.42	-0.958405	
14.4267	-0.960851	
14.4333	-0.958507	
14.44	-0.960036	
14.4467	-0.959118	
14.4533	-0.959832	
14.46	-0.960647	
14.4667	-0.956877	
14.4733	-0.959118	
14.48	-0.960239	
14.4867	-0.95922	
14.4933	-0.960443	
14.5	-0.960239	
14.5067	-0.958915	
14.5133	-0.961258	
14.52	-0.959628	
14.5267	-0.962379	
14.5333	-0.960545	
14.54	-0.960036	
14.5467	-0.960647	
14.5533	-0.961156	
14.56	-0.962074	
14.5667	-0.95973	
14.5733	-0.961564	
14.58	-0.962277	
14.5867	-0.963806	
14.5933	-0.962379	
14.6	-0.963908	
14.6067	-0.962685	
14.6133	-0.966659	
14.62	-0.964927	
14.6267	-0.965742	
14.6333	-0.967678	
14.64	-0.966965	
14.6467	-0.965844	
14.6533	-0.964316	
14.66	-0.965742	
14.6667	-0.966761	
14.6733	-0.967475	
14.68	-0.96778	
14.6867	-0.966252	
14.6933	-0.967271	
14.7	-0.966557	
14.7067	-0.967678	
14.7133	-0.966048	
14.72	-0.967475	
14.7267	-0.967271	
14.7333	-0.963195	
14.74	-0.96564	
14.7467	-0.965233	
14.7533	-0.963602	
14.76	-0.964417	
14.7667	-0.964825	
14.7733	-0.96401	
14.78	-0.964621	
14.7867	-0.962787	
14.7933	-0.966252	
14.8	-0.965233	
14.8067	-0.963296	
14.8133	-0.962481	
14.82	-0.965335	
14.8267	-0.961768	
14.8333	-0.962379	
14.84	-0.963296	
14.8467	-0.962481	
14.8533	-0.963296	
14.86	-0.964112	
14.8667	-0.965029	
14.8733	-0.962074	
14.88	-0.961768	
14.8867	-0.962074	
14.8933	-0.96401	
14.9	-0.961972	
14.9067	-0.96136	
14.9133	-0.960239	
14.92	-0.962889	
14.9267	-0.958609	
14.9333	-0.962379	
14.94	-0.959832	
14.9467	-0.959832	
14.9533	-0.958609	
14.96	-0.958915	
14.9667	-0.95922	
14.9733	-0.957692	
14.98	-0.958711	
14.9867	-0.958405	
14.9933	-0.959628	
15	-0.959526	
15.0067	-0.959322	
15.0133	-0.959832	
15.02	-0.958609	
15.0267	-0.959628	
15.0333	-0.959118	
15.04	-0.957794	
15.0467	-0.95922	
15.0533	-0.958507	
15.06	-0.958915	
15.0667	-0.958609	
15.0733	-0.958915	
15.08	-0.959017	
15.0867	-0.958201	
15.0933	-0.958201	
15.1	-0.958507	
15.1067	-0.959322	
15.1133	-0.960036	
15.12	-0.960545	
15.1267	-0.959934	
15.1333	-0.961055	
15.14	-0.95973	
15.1467	-0.961768	
15.1533	-0.961156	
15.16	-0.962991	
15.1667	-0.959322	
15.1733	-0.960036	
15.18	-0.961462	
15.1867	-0.960545	
15.1933	-0.962277	
15.2	-0.962379	
15.2067	-0.961768	
15.2133	-0.961972	
15.22	-0.962481	
15.2267	-0.961666	
15.2333	-0.962889	
15.24	-0.961972	
15.2467	-0.961768	
15.2533	-0.962277	
15.26	-0.961666	
15.2667	-0.963704	
15.2733	-0.961462	
15.28	-0.960239	
15.2867	-0.962277	
15.2933	-0.962277	
15.3	-0.962481	
15.3067	-0.960749	
15.3133	-0.960953	
15.32	-0.9635	
15.3267	-0.960036	
15.3333	-0.962074	
15.34	-0.964214	
15.3467	-0.963093	
15.3533	-0.96187	
15.36	-0.962685	
15.3667	-0.964519	
15.3733	-0.964927	
15.38	-0.964519	
15.3867	-0.964621	
15.3933	-0.964316	
15.4	-0.965131	
15.4067	-0.966048	
15.4133	-0.967678	
15.42	-0.96564	
15.4267	-0.967984	
15.4333	-0.965538	
15.44	-0.964519	
15.4467	-0.965131	
15.4533	-0.963908	
15.46	-0.963908	
15.4667	-0.964825	
15.4733	-0.964316	
15.48	-0.964214	
15.4867	-0.963195	
15.4933	-0.962787	
15.5	-0.962991	
15.5067	-0.963908	
15.5133	-0.964214	
15.52	-0.961564	
15.5267	-0.963908	
15.5333	-0.964316	
15.54	-0.963602	
15.5467	-0.962481	
15.5533	-0.961564	
15.56	-0.961666	
15.5667	-0.962481	
15.5733	-0.962685	
15.58	-0.96187	
15.5867	-0.962685	
15.5933	-0.962583	
15.6	-0.96187	
15.6067	-0.961768	
15.6133	-0.961156	
15.62	-0.961666	
15.6267	-0.961462	
15.6333	-0.959118	
15.64	-0.960341	
15.6467	-0.962583	
15.6533	-0.96136	
15.66	-0.96136	
15.6667	-0.961462	
15.6733	-0.960443	
15.68	-0.96136	
15.6867	-0.960545	
15.6933	-0.96187	
15.7	-0.960953	
15.7067	-0.959118	
15.7133	-0.960749	
15.72	-0.958915	
15.7267	-0.960239	
15.7333	-0.959526	
15.74	-0.959832	
15.7467	-0.959424	
15.7533	-0.959934	
15.76	-0.960953	
15.7667	-0.958609	
15.7733	-0.95973	
15.78	-0.96187	
15.7867	-0.958201	
15.7933	-0.959934	
15.8	-0.959424	
15.8067	-0.958915	
15.8133	-0.960749	
15.82	-0.961666	
15.8267	-0.960647	
15.8333	-0.960953	
15.84	-0.959424	
15.8467	-0.960137	
15.8533	-0.961055	
15.86	-0.961972	
15.8667	-0.961156	
15.8733	-0.960953	
15.88	-0.960749	
15.8867	-0.961972	
15.8933	-0.96401	
15.9	-0.963195	
15.9067	-0.963602	
15.9133	-0.963806	
15.92	-0.961666	
15.9267	-0.963398	
15.9333	-0.962787	
15.94	-0.961156	
15.9467	-0.961156	
15.9533	-0.961666	
15.96	-0.962787	
15.9667	-0.960749	
15.9733	-0.961156	
15.98	-0.960749	
15.9867	-0.960851	
15.9933	-0.960545	
16	-0.959526	
16.0067	-0.960443	
16.0133	-0.959832	
16.02	-0.959424	
16.0267	-0.959832	
16.0333	-0.959118	
16.04	-0.959424	
16.0467	-0.960137	
16.0533	-0.958507	
16.06	-0.960036	
16.0667	-0.960036	
16.0733	-0.960036	
16.08	-0.960545	
16.0867	-0.95973	
16.0933	-0.961055	
16.1	-0.960647	
16.1067	-0.95973	
16.1133	-0.959832	
16.12	-0.96136	
16.1267	-0.961156	
16.1333	-0.96136	
16.14	-0.960036	
16.1467	-0.960341	
16.1533	-0.960341	
16.16	-0.960851	
16.1667	-0.959832	
16.1733	-0.961055	
16.18	-0.959934	
16.1867	-0.959934	
16.1933	-0.959628	
16.2	-0.956775	
16.2067	-0.960545	
16.2133	-0.959322	
16.22	-0.958405	
16.2267	-0.959424	
16.2333	-0.959118	
16.24	-0.959832	
16.2467	-0.960545	
16.2533	-0.960647	
16.26	-0.960851	
16.2667	-0.958813	
16.2733	-0.95922	
16.28	-0.961258	
16.2867	-0.962685	
16.2933	-0.960545	
16.3	-0.960749	
16.3067	-0.962685	
16.3133	-0.961564	
16.32	-0.962889	
16.3267	-0.965029	
16.3333	-0.964112	
16.34	-0.962991	
16.3467	-0.963093	
16.3533	-0.964316	
16.36	-0.963602	
16.3667	-0.965436	
16.3733	-0.965029	
16.38	-0.965233	
16.3867	-0.964112	
16.3933	-0.964927	
16.4	-0.965844	
16.4067	-0.964927	
16.4133	-0.964825	
16.42	-0.96401	
16.4267	-0.964214	
16.4333	-0.963602	
16.44	-0.964927	
16.4467	-0.963296	
16.4533	-0.963704	
16.46	-0.965436	
16.4667	-0.964112	
16.4733	-0.961564	
16.48	-0.963806	
16.4867	-0.964927	
16.4933	-0.962379	
16.5	-0.964417	
16.5067	-0.963602	
16.5133	-0.961972	
16.52	-0.961564	
16.5267	-0.962583	
16.5333	-0.962074	
16.54	-0.96401	
16.5467	-0.964519	
16.5533	-0.963195	
16.56	-0.96187	
16.5667	-0.964825	
16.5733	-0.961564	
16.58	-0.9635	
16.5867	-0.963908	
16.5933	-0.963398	
16.6	-0.962481	
16.6067	-0.963195	
16.6133	-0.962481	
16.62	-0.962787	
16.6267	-0.960953	
16.6333	-0.962787	
16.64	-0.962685	
16.6467	-0.960953	
16.6533	-0.960545	
16.66	-0.960137	
